 # x,                          param                      exact,                   exact - param
 # c2np (nf independent piece)
  0.99989408584647843        5182567.0166520467        5168827.0773735046       -13739.939278542064     
  0.99988116390095316        4931802.8086568778        4918133.9063606262       -13668.902296251617     
  0.99986666563720672        4690624.0346559864        4677023.8947792053       -13600.139876781031     
  0.99985039881825277        4458759.8006880349        4445226.0133819580       -13533.787306076847     
  0.99983214777728635        4235944.2535157576        4222474.2676315308       -13469.985884226859     
  0.99981167056570774        4021916.5346532729        4008507.6517295837       -13408.882923689205     
  0.99978869575493690        3816420.7343772515        3803070.1025600433       -13350.631817208137     
  0.99976291885023427        3619205.8457037415        3605910.4537210464       -13295.391982695088     
  0.99973399826976705        3430025.7183370078        3416782.3895006180       -13243.328836389817     
  0.99970155083660273        3248639.0125831282        3235444.3989334106       -13194.613649717532     
  0.99966514672511642        3074809.1532197422        3061659.7297811508       -13149.423438591417     
  0.99962430379639755        2908304.2833225741        2895196.3425993919       -13107.940723182168     
  0.99957848124955462        2748897.2180326693        2735826.8647546768       -13070.353277992457     
  0.99952707250727713        2596365.3982698051        2583328.5444931984       -13036.853776606731     
  0.99946939724451800        2450490.8443729253        2437483.2049899101       -13007.639383015223     
  0.99940469245863717        2311060.1096675359        2298077.1984243393       -12982.911243196577     
  0.99933210246768467        2177864.2339474070        2164901.3600471020       -12962.873900305014     
  0.99925066771061222        2050698.6968625842        2037750.9622726440       -12947.734589940170     
  0.99915931220897780        1929363.3712030577        1916425.6687693596       -12937.702433698112     
  0.99905682953405062        1813662.4760681442        1800729.4885599613       -12932.987508182880     
  0.99894186710603239        1703404.5299097830        1690470.7301254272       -12933.799784355797     
  0.99881290863329653        1598402.3034376313        1585461.9555147886       -12940.347922842717     
  0.99866825447903107        1498472.7723741464        1485519.9344627857       -12952.837911360664     
  0.99850599972039411        1403437.0700461590        1390465.5985026956       -12971.471543463413     
  0.99832400964122603        1313120.4397991137        1300123.9950886965       -12996.444710417185     
  0.99811989237352894        1227352.1872210240        1214324.2417099476       -13027.945511076367     
  0.99789096837538660        1145965.6321611544        1132899.4800073504       -13066.152153803967     
  0.99763423640392390        1068798.0605302048        1055686.8298834562       -13111.230646748561     
  0.99734633561153985        995690.67586707743        982527.34360677004       -13163.332260307390     
  0.99702350336240919        926488.55065960949        913265.95990800858       -13222.590751600917     
  0.99666152833469657        861040.57740564214        847751.45806609094       -13289.119339551195     
  0.99625569844289652        799199.41940327932        785836.41198024154       -13363.007423037780     
  0.99580074308529343        740821.46125969850        727377.14422983676       -13444.317029861733     
  0.99529076919522541        685766.75911068614        672233.68011830747       -13533.078992378665     
  0.99471919055357072        633898.99054515723        620269.70169868320       -13629.288846474024     
  0.99407864980620020        585085.40423295787        571352.50178356096       -13732.902449396905     
  0.99336093262728264        539196.76925789926        525352.93793554232       -13843.831322356942     
  0.99255687348143151        496107.32416376617        482145.38644149154       -13961.937722274626     
  0.99165625246989753        455694.72572696186        441607.69626952894       -14087.029457432916     
  0.99064768280480675        417839.99747756496        403621.14301228896       -14218.854465276003     
  0.98951848854872959        382427.47799922933        368070.38281871192       -14357.095180517412     
  0.98825457239434500        349344.76904933149        334843.40631799959       -14501.362731331901     
  0.98684027345229453        318482.68355317140        303831.49254086707       -14651.191012304334     
  0.98525821527840485        289735.19354036957        274929.16284281481       -14806.030697554757     
  0.98348914472063087        262999.37810817716        248034.13483573729       -14965.243272439868     
  0.98151176262016993        238175.37151495577        223047.27633313136       -15128.095181824407     
  0.97930254798156857        215166.31152806722        199872.55931454757       -15293.752213519649     
  0.97683557795678477        193878.28817343526        178417.01391285309       -15461.274260582170     
  0.97408234689313788        174220.29305925596        158590.68242586777       -15629.610633388191     
  0.97101158880027738        156104.16947332371        140306.57334998343       -15797.596123340278     
  0.96758910892060779        139444.56348178093        123480.61542792112       -15963.948053859815     
  0.96377763166054364        124158.87628612045        108031.61169564514       -16127.264590475301     
  0.95953667396763564        110167.21812394052        93881.193503751114       -16286.024620189404     
  0.95482245531815246        97392.364025940711        80953.774477111103       -16438.589548829608     
  0.94958785778702415        85759.711765232874        69176.504362556792       -16583.207402676082     
  0.94378245215257328        75197.242352922665        58479.222698620782       -16718.019654301883     
  0.93735260854611313        65635.483443473175        48794.412224769127       -16841.071218704048     
  0.93024171264109379        57007.476011324994        40057.151930909517       -16950.324080415478     
  0.92239051057062460        49248.744642999533        32205.069634138374       -17043.675008861159     
  0.91373760736916620        42297.271752465364        25178.293960912299       -17118.977791553065     
  0.90422014436961407        36093.475967807331        18919.405613542855       -17174.070354264477     
  0.89377468017814643        30580.194850294531        13373.387814716843       -17206.807035577687     
  0.88233829704694144        25702.671989517985        8487.5758584292780       -17215.096131088707     
  0.86984994907430913        21408.548368264645        4211.6057563222566       -17196.942611942388     
  0.85625206009815058        17647.857707981486        497.36206046552979       -17150.495647515956     
  0.84149236692324181        14373.025292394686       -2701.0749288361985       -17074.100221230885     
  0.82552598736118177        11538.869528715612       -5427.4821978872933       -16966.351726602905     
  0.80831767254945863        9102.6052523454800       -7723.5467293160182       -16826.151981661496     
  0.78984417975813070        7023.8475256648662       -9628.9171033659950       -16652.764629030862     
  0.77009667666098203        5264.6144418417853       -11181.252992657639       -16445.867434499425     
  0.74908306287753579        3789.3272412237479       -12416.271368570029       -16205.598609793777     
  0.72683007227673135        2564.8059030020700       -13367.788124006307       -15932.594027008377     
  0.70338500347182864        1560.2583101076773       -14067.753818902209       -15628.012129009887     
  0.67881691979475667        747.26111910777070       -14546.282415326808       -15293.543534434579     
  0.65321716721887002        99.730611495087842       -14831.672222529662       -14931.402834024750     
  0.62669908166673238       -406.11793823737639       -14950.418832731306       -14544.300894493930     
  0.59939679670925694       -791.82347585798493       -14927.220579318428       -14135.397103460442     
  0.57146311740838163       -1076.7456039632300       -14784.977936729392       -13708.232332766162     
  0.54306649202221213       -1278.1443656371387       -14544.789214302227       -13266.644848665088     
  0.51438718416599893       -1411.2729535926092       -14225.945753597109       -12814.672800004500     
  0.48561281583400140       -1489.4823887357720       -13845.930486207992       -12356.448097472219     
  0.45693350797778831       -1524.3367257653256       -13420.424023525400       -11896.087297760074     
  0.42853688259161887       -1525.7369372661685       -12963.322344077504       -11437.585406811335     
  0.40060320329074317       -1502.0513255403100       -12486.769588104517       -10984.718262564207     
  0.37330091833326806       -1460.2501267937023       -12001.208501521067       -10540.958374727365     
  0.34678283278113042       -1406.0419085044314       -11515.449796631559       -10109.407888127127     
  0.32118308020524367       -1344.0094116409994       -11036.760267990132       -9692.7508563491319     
  0.29661499652817136       -1277.7426411250460       -10570.968093507661       -9293.2254523826159     
  0.27316992772326903       -1209.9672415325972       -10122.582529030706       -8912.6152874981090     
  0.25091693712246455       -1142.6664885778075       -9694.9242982042597       -8552.2578096264515     
  0.22990332333901822       -1077.1955576899120       -9290.2624627489786       -8213.0669050590659     
  0.21015582024186943       -1014.3870771745150       -8909.9534449176062       -7895.5663677430912     
  0.19168232745054151       -954.64731550621991       -8554.5781229468175       -7599.9308074405981     
  0.17447401263881851       -898.04267389413394       -8224.0734513760835       -7326.0307774819494     
  0.15850763307675839       -844.37644382332428       -7917.8557704446057       -7073.4793266212819     
  0.14374793990184953       -793.25603621070945       -7634.9337601441111       -6841.6777239334015     
  0.13015005092569093       -744.15108940738594       -7374.0097758565689       -6629.8586864491826     
  0.11766170295305871       -696.44301632154338       -7133.5690070499049       -6437.1259907283620     
  0.10622531982185375       -649.46665815182087       -6911.9564867677045       -6262.4898286158841     
   9.5779855630386004E-002  -602.54477757439008       -6707.4424297954965       -6104.8976522211069     
   8.6262392630833878E-002  -555.01615318998211       -6518.2766925088308       -5963.2605393188487     
   7.7609489429375553E-002  -506.25803589304877       -6342.7333415121539       -5836.4753056191048     
   6.9758287358906365E-002  -455.70370306929937       -6179.1464123728038       -5723.4427093035047     
   6.2647391453886966E-002  -402.85580439306875       -6025.9379574459153       -5623.0821530528465     
   5.6217547847426802E-002  -347.29613912117003       -5881.6394452917111       -5534.3433061705409     
   5.0412142212975977E-002  -288.69244400931359       -5744.9075027611398       -5456.2150587518263     
   4.5177544681847662E-002  -226.80270727430812       -5614.5348998003565       -5387.7321925260485     
   4.0463326032364369E-002  -161.47746047530268       -5489.4575777846931       -5327.9801173093902     
   3.6222368339456343E-002  -92.660439060379531       -5368.7584226024637       -5276.0979835420840     
   3.2410891079392302E-002  -20.387945177969129       -5251.6683887838935       -5231.2804436059241     
   2.8988411199722671E-002   55.212805852688263       -5137.5654935672910       -5192.7782994199797     
   2.5917653106862112E-002   133.92612079346966       -5025.9721212323548       -5159.8982420258244     
   2.3164422043215286E-002   215.45085206186499       -4916.5510086321538       -5132.0018606940184     
   2.0697452018431504E-002   299.40385202296045       -4809.1002223205705       -5108.5040743435311     
   1.8488237379830134E-002   385.32373107387906       -4703.5473853183412       -5088.8711163922198     
   1.6510855279369165E-002   472.67481857940362       -4599.9433666310815       -5072.6181852104855     
   1.4741784721595166E-002   560.85124747977443       -4498.4556082300223       -5059.3068557097968     
   1.3159726547705527E-002   649.18110142668286       -4399.3612315474720       -5048.5423329741552     
   1.1745427605654979E-002   736.93057809573384       -4303.0400378706581       -5039.9706159663920     
   1.0481511451270433E-002   823.30813433289723       -4209.9674936041856       -5033.2756279370824     
   9.3523171951932684E-003   907.46858843944415       -4120.7077717548827       -5028.1763601943267     
   8.3437475301025438E-003   988.51716256406019       -4035.9069044182220       -5024.4240669822821     
   7.4431265185685306E-003   1065.5134541865170       -3956.2860873864192       -5021.7995415729365     
   6.6390673727173147E-003   1137.4753303351390       -3882.6351665404595       -5020.1104968755990     
   5.9213501937998674E-003   1203.3827417299321       -3815.8063262622863       -5019.1890679922180     
   5.2808094464293215E-003   1262.1814566966998       -3756.7079924988038       -5018.8894491955034     
   4.7092308047746168E-003   1312.7867166320004       -3706.2989568394219       -5019.0856734714225     
   4.1992569147065277E-003   1354.0868161639416       -3665.5827229212155       -5019.6695390851573     
   3.7443015571034994E-003   1384.9466120705495       -3635.6020727324690       -5020.5486848030187     
   3.3384716653034408E-003   1404.2109655870127       -3617.4338472376558       -5021.6448128246684     
   2.9764966375908316E-003   1410.7081230366591       -3612.1839332643531       -5022.8920563010124     
   2.6536643884601421E-003   1403.2530398237789       -3620.9824474881666       -5024.2354873119457     
   2.3657635960761137E-003   1380.6506527818685       -3644.9791064045116       -5025.6297591863804     
   2.1090316246133627E-003   1341.6991057205807       -3685.3387713219809       -5027.0378770425614     
   1.8801076264710578E-003   1285.1929327909379       -3743.2371559981621       -5028.4300887891004     
   1.6759903587739186E-003   1209.9262040170158       -3819.8566858946006       -5029.7828899116166     
   1.4940002796058754E-003   1114.6956370426328       -3916.3824958036430       -5031.0781328462763     
   1.3317455209689280E-003   998.30367882912617       -4033.9985564127510       -5032.3022352418775     
   1.1870913667035216E-003   859.56156072511442       -4173.8839161269607       -5033.4454768520754     
   1.0581328939676231E-003   697.29233001982038       -4337.2090501604598       -5034.5013801802797     
   9.4317046594935441E-004   510.33386079425935       -4525.1323042406648       -5035.4661650349244     
   8.4068779102219079E-004   297.54184660213707       -4738.7964255080042       -5036.3382721101416     
   7.4933228938778046E-004   57.792777247595765       -4979.3251714584785       -5037.1179487060745     
   6.6789753231533513E-004  -210.01309831770743       -5247.8199870610479       -5037.8068887433401     
   5.9530754136286361E-004  -506.94882118256606       -5545.3567444365854       -5038.4079232540189     
   5.3060275548203752E-004  -834.05778215897351       -5872.9825377965117       -5038.9247556375385     
   4.7292749272290186E-004  -1192.3507905568913       -6231.7125261009205       -5039.3617355440292     
   4.2151875044539074E-004  -1582.8031508172749       -6622.5268200339333       -5039.7236692166589     
   3.7569620360248217E-004  -2006.3517459221425       -7046.3674018929687       -5040.0156559708266     
   3.3485327488355388E-004  -2463.8921266351190       -7504.1350890714293       -5040.2429624363103     
   2.9844916339729326E-004  -2956.2756057481756       -7996.6865079084728       -5040.4109021602972     
   2.6600173023292299E-004  -3484.3063566169476       -8524.8311191151770       -5040.5247624982294     
   2.3708114976569951E-004  -4048.7385153627692       -9089.3282293820594       -5040.5897140192901     
   2.1130424506306380E-004  -4650.2732862026851       -9690.8840613947759       -5040.6107751920908     
   1.8832943429223755E-004  -5289.5560494429337       -10330.148796340958       -5040.5927468980244     
   1.6785222271366220E-004  -5967.1734717358077       -11007.713681392237       -5040.5402096564294     
   1.4960118174721135E-004  -6683.6506182560042       -11724.108095323696       -5040.4574770676918     
   1.3333436279328997E-004  -7439.4480665032715       -12479.796651666453       -5040.3485851631813     
   1.1883609904686058E-004  -8234.9590214773380       -13275.176317465390       -5040.2172959880518     
   1.0591415352156229E-004  -9070.5064320136153       -14110.573529931995       -5040.0670979183797     
   9.4397175960526814E-005  -9946.3401080942931       -14986.241274763715       -5039.9011666694223     
   8.4132435302287841E-005  -10862.633838982945       -15902.356279404117       -5039.7224404211720     
   7.4983797941658708E-005  -11819.482512048857       -16859.016136299171       -5039.5336242503145     
   6.6829925219458427E-005  -12816.899232172971       -17856.236245786007       -5039.3370136130361     
   5.9562666430345204E-005  -13854.812441641101       -18893.947303579145       -5039.1348619380442     
   5.3085626189783373E-005  -14933.063040446676       -19971.992029093220       -5038.9289886465449     
   4.7312887280930034E-005  -16051.401506937125       -21090.122635529515       -5038.7211285923895     
   4.2167872138434488E-005  -17209.485018751024       -22247.997952210222       -5038.5129334591984     
   3.7582327944386288E-005  -18406.874573997884       -23445.180160509044       -5038.3055865111601     
   3.3495421934911012E-005  -19643.032112645298       -24681.132286149095       -5038.1001735037971     
   2.9852934964847990E-005  -20917.317638080134       -25955.215501578241       -5037.8978634981067     
   2.6606542671039780E-005  -22228.986338820174       -27266.685860857549       -5037.6995220373756     
   2.3713174728626338E-005  -23577.185710352056       -28614.690997614696       -5037.5052872626402     
   2.1134443724214803E-005  -24960.952677080862       -29998.269084699376       -5037.3164076185130     
   1.8836136088192165E-005  -26379.210714374971       -31416.344218692848       -5037.1335043178769     
   1.6787758347663932E-005  -27830.766970695007       -32867.723049636283       -5036.9560789412753     
   1.4962132692180108E-005  -29314.309389797265       -34351.093302878762       -5036.7839130814973     
   1.3335036496063608E-005  -30828.403833004650       -35865.023263204290       -5036.6194301996402     
   1.1884881022294537E-005  -32371.491201535311       -37407.953855794694       -5036.4626542593833     
   1.0592425051115981E-005  -33941.884558888887       -38978.193558445870       -5036.3089995569826     
   9.4405196386068406E-006  -35537.766253280075       -40573.930829173027       -5036.1645758929517     
   8.4138806224692031E-006  -37157.185040121723       -42193.211129227682       -5036.0260891059588     
   7.4988858596137405E-006  -38798.053204548611       -43833.947885885929       -5035.8946813373186     
   6.6833945076254770E-006  -40458.143683983835       -45493.911835398139       -5035.7681514143042     
   5.9565859541625409E-006  -42135.087190743245       -47170.738187733681       -5035.6509969904364     
   5.3088162586302063E-006  -43826.369334676558       -48861.903552021540       -5035.5342173449826     
   4.7314902025093575E-006  -45529.327745843744       -50564.764156027610       -5035.4364101838655     
   4.2169472515667258E-006  -47241.149197223865       -52276.493563437798       -5035.3443662139325     
   3.7583599175620983E-006  -48958.866727456800       -53994.120987771639       -5035.2542603148395     
   3.3496431714313317E-006  -50679.356763615229       -55714.488984365096       -5035.1322207498670     
   2.9853737064351894E-006  -52399.336244004808       -57434.418539036742       -5035.0822950319343     
   2.6607179803598071E-006  -54115.359740994667       -59150.363850497139       -5035.0041095024717     
   2.3713680822617441E-006  -55823.816583872467       -60858.703994240794       -5034.8874103683265     
   2.1134845730101716E-006  -57520.927981727451       -62555.776776542749       -5034.8487948152979     
   1.8836455413625974E-006  -59202.744146355282       -64237.467732146986       -5034.7235857917040     
   1.6788011997443668E-006  -60865.141415190294       -65899.818311097042       -5034.6768959067485     
   1.4962334173766507E-006  -62503.819374256163       -67538.500306811562       -5034.6809325553986     
   1.3335196538862915E-006  -64114.297981141470       -69149.018118060310       -5034.7201369188406     
   1.1885008149011545E-006  -65691.914687993529       -70726.368479257173       -5034.4537912636442     
   1.0592526031600254E-006  -67231.821564532584       -72266.460664601414       -5034.6391000688309     
 
 
 # c2np (nf piece)
  0.99989408584647843       -244897.34603837505       -245383.23511123657       -485.88907286152244     
  0.99988116390095316       -236181.42528235819       -236665.55948257446       -484.13420021627098     
  0.99986666563720672       -227694.54221992753       -228176.77427101135       -482.23205108381808     
  0.99985039881825277       -219432.76078253333       -219912.93170928955       -480.17092675622553     
  0.99983214777728635       -211392.17867387179       -211870.11693382263       -477.93825995083898     
  0.99981167056570774       -203568.92740204511       -204044.44797515869       -475.52057311357930     
  0.99978869575493690       -195959.17231372138       -196432.07572841644       -472.90341469505802     
  0.99976291885023427       -188559.11262982944       -189029.18392658234       -470.07129675289616     
  0.99973399826976705       -181364.98148316843       -181831.98912048340       -467.00763731496409     
  0.99970155083660273       -174373.04595785774       -174836.74067068100       -463.69471282325685     
  0.99966514672511642       -167579.60713047814       -168039.72067880630       -460.11354832816869     
  0.99962430379639755       -160981.00011311658       -161437.24399137497       -456.24387825839221     
  0.99957848124955462       -154573.59409786575       -155025.65816831589       -452.06407045014203     
  0.99952707250727713       -148353.79240317689       -148801.34345412254       -447.55105094565079     
  0.99946939724451800       -142318.03252148302       -142760.71273910999       -442.68021762697026     
  0.99940469245863717       -136462.78616824094       -136900.21154773235       -437.42537949141115     
  0.99933210246768467       -130784.55933203455       -131216.31799829006       -431.75866625551134     
  0.99925066771061222       -125279.89232553367       -125705.54278218746       -425.65045665379148     
  0.99915931220897780       -119945.35983696813       -120364.42913436890       -419.06929740076885     
  0.99905682953405062       -114777.57098176074       -115189.55281072855       -411.98182896780781     
  0.99894186710603239       -109773.16935384320       -110177.52205950022       -404.35270565701649     
  0.99881290863329653       -104928.83307610312       -105324.97760337591       -396.14452727278695     
  0.99866825447903107       -100241.27484934824       -100628.59261775017       -387.31776840193197     
  0.99850599972039411       -95707.241999023361       -96085.072713494301       -377.83071447093971     
  0.99832400964122603       -91323.516518784687       -91691.155924946070       -367.63940616138279     
  0.99811989237352894       -87086.915109970840       -87443.612700775266       -356.69759080442600     
  0.99789096837538660       -82994.289215757046       -83339.245902493596       -344.95668673655018     
  0.99763423640392390       -79042.525048708252       -79374.890805393457       -332.36575668520527     
  0.99734633561153985       -75228.543610159657       -75547.415111750364       -318.87150159070734     
  0.99702350336240919       -71549.300699741347       -71853.718970887363       -304.41827114601620     
  0.99666152833469657       -68001.786913053715       -68290.735010363162       -288.94809730944689     
  0.99625569844289652       -64583.027625309303       -64855.428380362689       -272.40075505338609     
  0.99580074308529343       -61290.082958445302       -61544.796812709421       -254.71385426411871     
  0.99529076919522541       -58120.047728944919       -58355.870697170496       -235.82296822557691     
  0.99471919055357072       -55070.051373263472       -55285.713178373873       -215.66180511040147     
  0.99407864980620020       -52137.257847451023       -52331.420275898650       -194.16242844762746     
  0.99336093262728264       -49318.865497173625       -49490.121031859890       -171.25553468626458     
  0.99255687348143151       -46612.106893999531       -46758.977689489722       -146.87079549019109     
  0.99165625246989753       -44014.248633407580       -44135.185907984152       -120.93727457657224     
  0.99064768280480675       -41522.591089626600       -41615.975018728524       -93.383929101924878     
  0.98951848854872959       -39134.468122014892       -39198.608328564093       -64.140206549200229     
  0.98825457239434500       -36847.246727351972       -36880.383476912975       -33.136749561002944     
  0.98684027345229453       -34658.326632103417       -34658.632853568997      -0.30622146558016539     
  0.98525821527840485       -32565.139818459065       -32530.724085025256        34.415733433808782     
  0.98348914472063087       -30565.149977791865       -30494.060597360600        71.089380431265454     
  0.98151176262016993       -28655.851885133365       -28546.082264145138        109.76962098822696     
  0.97930254798156857       -26834.770688395161       -26684.266147915157        150.50454048000393     
  0.97683557795678477       -25099.461106397706       -24906.127343453991        193.33376294371556     
  0.97408234689313788       -23447.506530385494       -23209.219930363470        238.28660002202378     
  0.97101158880027738       -21876.518024665798       -21591.138040940365        285.37998372543370     
  0.96758910892060779       -20384.133223391334       -20049.517047049085        334.61617634224967     
  0.96377763166054364       -18968.015122405071       -18582.034866133516        385.98025627155585     
  0.95953667396763564       -17625.850767571726       -17186.413381564380        439.43738600734650     
  0.95482245531815246       -16355.349844234792       -15860.419965715904        494.92987851888756     
  0.94958785778702415       -15154.243176463584       -14601.869085231570        552.37409123201360     
  0.94378245215257328       -14020.281149670391       -13408.623956491865        611.65719317852563     
  0.93735260854611313       -12951.232076059121       -12278.598205053742        672.63387100537875     
  0.93024171264109379       -11944.880529238639       -11209.757465620183        735.12306361845549     
  0.92239051057062460       -10999.025682172462       -10200.120838955270        798.90484321719123     
  0.91373760736916620       -10111.479691336852       -9247.7620994506433        863.71759188620854     
  0.90422014436961407       -9280.0661793127056       -8350.8105225881445        929.25565672456105     
  0.89377468017814643       -8502.6188777021216       -7507.4511768009543        995.16770090116734     
  0.88233829704694144       -7776.9805017387553       -6715.9245014273911        1061.0560003113642     
  0.86984994907430913       -7101.0019365767948       -5974.5249747239213        1126.4769618528735     
  0.85625206009815058       -6472.5418221383843       -5281.5986673372390        1190.9431548011453     
  0.84149236692324181       -5889.4666275460404       -4635.5394821907321        1253.9271453553083     
  0.82552598736118177       -5349.6513064120791       -4034.7839069114416        1314.8673995006375     
  0.80831767254945863       -4850.9806194014509       -3477.8041552054710        1373.1764641959799     
  0.78984417975813070       -4391.3511994040946       -2963.0996535398663        1428.2515458642283     
  0.77009667666098203       -3968.6744164574916       -2489.1869415265792        1479.4874749309124     
  0.74908306287753579       -3580.8800737909046       -2054.5881973824835        1526.2918764084211     
  0.72683007227673135       -3225.9209331878606       -1657.8187676062153        1568.1021655816453     
  0.70338500347182864       -2901.7780282636472       -1297.3742603587234        1604.4037679049238     
  0.67881691979475667       -2606.4666801337221       -971.71793638942472        1634.7487437442974     
  0.65321716721887002       -2338.0430841416523       -679.26927576084563        1658.7738083808067     
  0.62669908166673238       -2094.6112924430017       -418.39468625954214        1676.2166061834596     
  0.59939679670925694       -1874.3303794035651       -187.40132459829601        1686.9290548052691     
  0.57146311740838163       -1675.4215490840925        15.465094967658843        1690.8866440517513     
  0.54306649202221213       -1496.1749301242039        192.01783578320101        1688.1927659074049     
  0.51438718416599893       -1334.9558055701523        344.12165578593067        1679.0774613560829     
  0.48561281583400140       -1190.2100444993434        473.68032691061853        1663.8903714099620     
  0.45693350797778831       -1060.4685377241549        582.61959449502319        1643.0881322191781     
  0.42853688259161887       -944.35048863379404        672.86641508963021        1617.2169037234244     
  0.40060320329074317       -840.56546808179758        746.32564357932824        1586.8911116611257     
  0.37330091833326806       -747.91420394546606        804.85556075627392        1552.7697647017399     
  0.34678283278113042       -665.28813615517026        850.24371278342187        1515.5318489385922     
  0.32118308020524367       -591.66782170611089        884.18446789770314        1475.8522896038139     
  0.29661499652817136       -526.12031761244930        908.25949840103294        1434.3798160134822     
  0.27316992772326903       -467.79570060231936        923.92210035506469        1391.7178009573840     
  0.25091693712246455       -415.92289981164049        932.48591290705735        1348.4088127186978     
  0.22990332333901822       -369.80502347354127        935.11823954496049        1304.9232630185018     
  0.21015582024186943       -328.81435438224321        932.83784515357274        1261.6521995358160     
  0.19168232745054151       -292.38717418913376        926.51683512067757        1218.9040093098113     
  0.17447401263881851       -260.01855608638908        916.88603234398943        1176.9045884303785     
  0.15850763307675839       -231.25724178194929        904.54315842607230        1135.8004002080215     
  0.14374793990184953       -205.70069415286036        889.96308985321139        1095.6637840060716     
  0.13015005092569093       -182.99039337282431        873.50948491626104        1056.4998782890852     
  0.11766170295305871       -162.80742289631792        855.44714571312761        1018.2545686094455     
  0.10622531982185375       -144.86837319101127        835.95457480901268        980.82294800002398     
   9.5779855630386004E-002  -128.92157585934081        815.13629308451527        944.05786894385608     
   8.6262392630833878E-002  -114.74366876926021        793.03459224434300        907.77826101360324     
   7.7609489429375553E-002  -102.13648378932396        769.64049421034269        871.77697799966666     
   6.9758287358906365E-002  -90.924242327640570        744.90377530079377        835.82801762843428     
   6.2647391453886966E-002  -80.951039681395173        718.74198353147904        799.69302321287421     
   5.6217547847426802E-002  -72.078596780999476        691.04843238972762        763.12702917072716     
   5.0412142212975977E-002  -64.184256856567501        661.69919516870823        725.88345202527569     
   4.5177544681847662E-002  -57.159204509175026        630.55915227661126        687.71835678578623     
   4.0463326032364369E-002  -50.906885337104171        597.48716202066134        648.39404735776554     
   3.6222368339456343E-002  -45.341605407653333        562.34043537286652        607.68204078051986     
   3.2410891079392302E-002  -40.387291291146568        524.97819912958903        565.36549042073557     
   2.8988411199722671E-002  -35.976392945238075        485.26473138260690        521.24112432784500     
   2.5917653106862112E-002  -32.048913353006249        443.07184971918150        475.12076307218774     
   2.3164422043215286E-002  -28.551550407424259        398.28092716029323        426.83247756771749     
   2.0697452018431504E-002  -25.436938051515064        350.78450436490493        376.22144241642002     
   1.8488237379830134E-002  -22.662975099987676        300.48755967967418        323.15053477966183     
   1.6510855279369165E-002  -20.192231469838987        247.30849162961340        267.50072309945239     
   1.4741784721595166E-002  -17.991422729070550        191.17986170958875        209.17128443865931     
   1.3159726547705527E-002  -16.030944935413473        132.04893902823551        148.07988396364897     
   1.1745427605654979E-002  -14.284462685971320        69.878082577888108        84.162545263859428     
   1.0481511451270433E-002  -12.728544141549293        4.6449916929641404        17.373535834513433     
   9.3523171951932684E-003  -11.342337534991760       -63.657149365955320       -52.314811830963563     
   8.3437475301025438E-003  -10.107284330335624       -135.01961084438790       -124.91232651405227     
   7.4431265185685306E-003  -9.0068647781934175       -209.41812262885287       -200.41125785065947     
   6.6390673727173147E-003  -8.0263721212232504       -286.81292984142897       -278.78655772020574     
   5.9213501937998674E-003  -7.1527121499427224       -367.14888629933193       -359.99617414938922     
   5.2808094464293215E-003  -6.3742252009130915       -450.35557548073371       -443.98135027982062     
   4.7092308047746168E-003  -5.6805280330933474       -536.34745057048622       -530.66692253739291     
   4.1992569147065277E-003  -5.0623733199026439       -625.02398677227757       -619.96161345237488     
   3.7443015571034994E-003  -4.5115247594681094       -716.26984043192124       -711.75831567245314     
   3.3384716653034408E-003  -4.0206460382922522       -809.95501065434291       -805.93436461605063     
   2.9764966375908316E-003  -3.5832020881959847       -905.93500007396597       -902.35179798576996     
   2.6536643884601421E-003  -3.1933712564224912       -1004.0509721721746       -1000.8576009157522     
   2.3657635960761137E-003  -2.8459671672876121       -1104.1299032505485       -1101.2839360832609     
   2.1090316246133627E-003  -2.5363691934402262       -1205.9847276390174       -1203.4483584455772     
   1.8801076264710578E-003  -2.2604605779689937       -1309.4144752099730       -1307.1540146320040     
   1.6759903587739186E-003  -2.0145733573129601       -1414.2044005284715       -1412.1898271711586     
   1.4940002796058754E-003  -1.7954393309548884       -1520.1261034282854       -1518.3306640973306     
   1.3317455209689280E-003  -1.6001464087643784       -1626.9376406990423       -1625.3374942902778     
   1.1870913667035216E-003  -1.4260997419347281       -1734.3836292108972       -1732.9575294689625     
   1.0581328939676231E-003  -1.2709871099221717       -1842.1953404037424       -1840.9243532938203     
   9.4317046594935441E-004  -1.1327480946546196       -1950.0907866555731       -1948.9580385609186     
   8.4068779102219079E-004  -1.0095466254452239       -2057.7747997580755       -2056.7652531326303     
   7.4933228938778046E-004 -0.89974652429665647       -2164.9391018946499       -2164.0393553703534     
   6.6789753231533513E-004 -0.80188972231454780       -2271.2623697179470       -2270.4604799956323     
   5.9530754136286361E-004 -0.71467685436613593       -2376.4102918813533       -2375.6956150269871     
   5.3060275548203752E-004 -0.63694997145250598       -2480.0356203871552       -2479.3986704157028     
   4.7292749272290186E-004 -0.56767713898223038       -2581.7782164783521       -2581.2105393393699     
   4.2151875044539074E-004 -0.50593871465255758       -2681.2650911323135       -2680.7591524176610     
   3.7569620360248217E-004 -0.45091512232346631       -2778.1104415080131       -2777.6595263856898     
   3.3485327488355388E-004 -0.40187595843443380       -2871.9156817751932       -2871.5138058167586     
   2.9844916339729326E-004 -0.35817028544300544       -2962.2694718459406       -2961.9113015604976     
   2.6600173023292299E-004 -0.31921798271716484       -3048.7477403704779       -3048.4285223877609     
   2.3708114976569951E-004 -0.28450203949729902       -3130.9137075616090       -3130.6292055221115     
   2.1130424506306380E-004 -0.25356168717624356       -3208.3179010009108       -3208.0643393137343     
   1.8832943429223755E-004 -0.22598627937733196       -3280.4981745597929       -3280.2721882804158     
   1.6785222271366220E-004 -0.20140983831633652       -3346.9797172164263       -3346.7783073781097     
   1.4960118174721135E-004 -0.17950619483545510       -3407.2750693399457       -3407.0955631451102     
   1.3333436279328997E-004 -0.15998465742599677       -3460.8841288319663       -3460.7241441745405     
   1.1883609904686058E-004 -0.14258615261671859       -3507.2941610642793       -3507.1515749116625     
   1.0591415352156229E-004 -0.12707978538882406       -3545.9798032406943       -3545.8527234553053     
   9.4397175960526814E-005 -0.11325977387963260       -3576.4030732626215       -3576.2898134887419     
   8.4132435302287841E-005 -0.10094271762316023       -3598.0133714990188       -3597.9124287813956     
   7.4983797941658708E-005  -8.9965163015764793E-002  -3610.2474766023342       -3610.1575114393186     
   6.6829925219458427E-005  -8.0181433654186063E-002  -3612.5295751433150       -3612.4493937096609     
   5.9562666430345204E-005  -7.1461696717416257E-002  -3604.2712267649913       -3604.1997650682738     
   5.3085626189783373E-005  -6.3690239701410925E-002  -3584.8713981840237       -3584.8077079443224     
   4.7312887280930034E-005  -5.6763934618173195E-002  -3553.7164399330159       -3553.6596759983977     
   4.2167872138434488E-005  -5.0590869258315851E-002  -3510.1800762244784       -3510.1294853552199     
   3.7582327944386288E-005  -4.5089127340220470E-002  -3453.6234760895422       -3453.5783869622019     
   3.3495421934911012E-005  -4.0185701346924535E-002  -3383.3951588857981       -3383.3549731844510     
   2.9852934964847990E-005  -3.5815523614841471E-002  -3298.8310467347783       -3298.7952312111634     
   2.6606542671039780E-005  -3.1920602808999200E-002  -3199.2544634924307       -3199.2225428896218     
   2.3713174728626338E-005  -2.8449254321093985E-002  -3083.9761478686232       -3083.9476986143022     
   2.1134443724214803E-005  -2.5355414373326217E-002  -2952.2941874048938       -2952.2688319905205     
   1.8836136088192165E-005  -2.2598028721357605E-002  -2803.4940005956087       -2803.4714025668873     
   1.6787758347663932E-005  -2.0140507843378910E-002  -2636.8485982953316       -2636.8284577874883     
   1.4962132692180108E-005  -1.7950241382824278E-002  -2451.6183113786683       -2451.6003611372853     
   1.3335036496063608E-005  -1.5998165399621234E-002  -2247.0504583387883       -2247.0344601733887     
   1.1884881022294537E-005  -1.4258376685951511E-002  -2022.3803939156387       -2022.3661355389527     
   1.0592425051115981E-005  -1.2707789027916475E-002  -1776.8306480808205       -1776.8179402917926     
   9.4405196386068406E-006  -1.1325826851611234E-002  -1509.6104600971739       -1509.5991342703223     
   8.4138806224692031E-006  -1.0094152185308160E-002  -1219.9178237143715       -1219.9077295621862     
   7.4988858596137405E-006  -8.9964213169552304E-003  -906.93667816911329       -906.92768174779633     
   6.6833945076254770E-006  -8.0180679155679793E-003  -569.83943539704342       -569.83141732912782     
   5.9565859541625409E-006  -7.1461097391819772E-003  -207.78435648952291       -207.77721037978372     
   5.3088162586302063E-006  -6.3689763635599323E-003   180.07928318585982        180.08565216222337     
   4.7314902025093575E-006  -5.6763556463123640E-003   594.62124969984143        594.62692605548773     
   4.2169472515667258E-006  -5.0590568877286191E-003   1036.7178816537016        1036.7229407105895     
   3.7583599175620983E-006  -4.5088888737740834E-003   1507.2585076651812        1507.2630165540550     
   3.3496431714313317E-006  -4.0185511816181524E-003   2007.1482598995644        2007.1522784507461     
   2.9853737064351894E-006  -3.5815373065185884E-003   2537.3079145024822        2537.3114960397888     
   2.6607179803598071E-006  -3.1920483222576271E-003   3098.6600022077109        3098.6631942560330     
   2.3713680822617441E-006  -2.8449159329289623E-003   3692.1468543842457        3692.1496993001788     
   2.1134845730101716E-006  -2.5355338918751705E-003   4318.7214521887290        4318.7239877226211     
   1.8836455413625974E-006  -2.2597968784864152E-003   4979.3556608337167        4979.3579206305949     
   1.6788011997443668E-006  -2.0140460234114622E-003   5675.0412234305768        5675.0432374766006     
   1.4962334173766507E-006  -1.7950203565727367E-003   6406.7450589278633        6406.7468539482197     
   1.3335196538862915E-006  -1.5998135360718695E-003   7175.4811699113961        7175.4827697249320     
   1.1885008149011545E-006  -1.4258352824415743E-003   7982.2565975624420        7982.2580233977242     
   1.0592526031600254E-006  -1.2707770074626796E-003   8828.1603805492850        8828.1616513262925     
 
 
 # c2np (nf**2 piece)
  0.99989408584647843        2426.7912114961073        2505.3441085815430        78.552897085435688     
  0.99988116390095316        2366.1081358045340        2444.6412773132324        78.533141508698463     
  0.99986666563720672        2306.3810628121719        2384.8925151824951        78.511452370323241     
  0.99985039881825277        2247.6028191605583        2326.0904865264893        78.487667365930974     
  0.99983214777728635        2189.7662375122309        2268.2278099060059        78.461572393774986     
  0.99981167056570774        2132.8641571286134        2211.2971191406250        78.432962012011558     
  0.99978869575493690        2076.8894244940020        2155.2910165786743        78.401592084672302     
  0.99976291885023427        2021.8348940038122        2100.2021017074585        78.367207703646272     
  0.99973399826976705        1967.6934287087061        2046.0229530334473        78.329524324741215     
  0.99970155083660273        1914.4579011294991        1992.7461342811584        78.288233151659369     
  0.99966514672511642        1862.1211941414513        1940.3641924858093        78.242998344358057     
  0.99962430379639755        1810.6762019395828        1888.8696560859680        78.193454146385193     
  0.99957848124955462        1760.1158310868777        1838.2550330162048        78.139201929327101     
  0.99952707250727713        1710.4330016528256        1788.5128071308136        78.079805477987975     
  0.99946939724451800        1661.6206484516151        1739.6354435682297        78.014795116614550     
  0.99940469245863717        1613.6717223860323        1691.6153765916824        77.943654205650091     
  0.99933210246768467        1566.5791919031180        1644.4450143575668        77.865822454448789     
  0.99925066771061222        1520.3360445727594        1598.1167382001877        77.780693627428263     
  0.99915931220897780        1474.9352887966670        1552.6228938102722        77.687605013605207     
  0.99905682953405062        1430.3699556565844        1507.9557960629463        77.585840406361967     
  0.99894186710603239        1386.6331009101123        1464.1077199578285        77.474619047716260     
  0.99881290863329653        1343.7178071460221        1421.0709031224251        77.353095976402983     
  0.99866825447903107        1301.6171861065086        1378.8375405073166        77.220354400807992     
  0.99850599972039411        1260.3243811882567        1337.3997823596001        77.075401171343401     
  0.99832400964122603        1219.8325701297726        1296.7497304379940        76.917160308221355     
  0.99811989237352894        1180.1349678970873        1256.8794354647398        76.744467567652464     
  0.99789096837538660        1141.2248297757469        1217.7808940261602        76.556064250413328     
  0.99763423640392390        1103.0954546777066        1179.4460451602936        76.350590482586995     
  0.99734633561153985        1065.7401886722073        1141.8667663037777        76.126577631570399     
  0.99702350336240919        1029.1524287452921        1105.0348710790277        75.882442333735526     
  0.99666152833469657        993.32562679680996        1068.9421049878001        75.616478190990165     
  0.99625569844289652        958.25329387257807        1033.5801428183913        75.326848945813254     
  0.99580074308529343        923.92900463647675        998.94058496877551        75.011580332298763     
  0.99529076919522541        890.34640207840130        965.01495506614447        74.668552987743169     
  0.99471919055357072        857.49920244899113        931.79469703882933        74.295494589838199     
  0.99407864980620020        825.38120041100774        899.27117327786982        73.889972866862081     
  0.99336093262728264        793.98627438757103        867.43566307984293        73.449388692271896     
  0.99255687348143151        763.30839208181715        836.27936198189855        72.970969900081400     
  0.99165625246989753        733.34161613113247        805.79338212311268        72.451765991980210     
  0.99064768280480675        704.08010985155124        775.96875386126339        71.888644009712152     
  0.98951848854872959        675.51814301178092        746.79642901197076        71.278286000189837     
  0.98825457239434500        647.65009756368818        718.26728598773479        70.617188424046617     
  0.98684027345229453        620.47047323628794        690.37213731044903        69.901664074161090     
  0.98525821527840485        593.97389288182603        663.10173999075778        69.127847108931746     
  0.98348914472063087        568.15510743737104        636.44680932629853        68.291701888927491     
  0.98151176262016993        543.00900033937069        610.39803674141876        67.389036402048077     
  0.97930254798156857        518.53059119722457        584.94611239072401        66.415521193499444     
  0.97683557795678477        494.71503849944565        560.08175336284330        65.366714863397647     
  0.97408234689313788        471.55764108648873        535.79573831998277        64.238097233494045     
  0.97101158880027738        449.05383808459737        512.07894954623771        63.025111461640336     
  0.96758910892060779        427.19920695075416        488.92242339380027        61.723216443046113     
  0.96377763166054364        405.98945923242718        466.31741013577266        60.327950903345481     
  0.95953667396763564        385.42043359999661        444.25544421935047        58.835010619353852     
  0.95482245531815246        365.48808566293155        422.72842579842836        57.240340135496808     
  0.94958785778702415        346.18847403994005        401.72871426577331        55.540240225833259     
  0.94378245215257328        327.51774211731390        381.24923419770494        53.731492080391035     
  0.93735260854611313        309.47209490647219        361.28359367797384        51.811498771501647     
  0.93024171264109379        292.04777040447516        341.82621435393958        49.778443949464418     
  0.92239051057062460        275.24100487701799        322.87247173359356        47.631466856575571     
  0.91373760736916620        259.04799153006024        304.41884316048527        45.370851630425022     
  0.90422014436961407        243.46483212053136        286.46305956310243        42.998227442571078     
  0.89377468017814643        228.48748118881849        269.00425548416388        40.516774295345385     
  0.88233829704694144        214.11168278249170        252.04311006993521        37.931427287443512     
  0.86984994907430913        200.33289978994435        235.58196972806036        35.249069938116008     
  0.85625206009815058        187.14623631834911        219.62494115698792        32.478704838638805     
  0.84149236692324181        174.54635393300123        204.17794161316851        29.631587680167286     
  0.82552598736118177        162.52738301950012        189.24869186997239        26.721308850472269     
  0.80831767254945863        151.08283102295536        174.84663666645793        23.763805643502565     
  0.78984417975813070        140.20548983803019        160.98277791721193        20.777288079181744     
  0.77009667666098203        129.88734513774671        147.66940793855247        17.782062800805761     
  0.74908306287753579        120.11949089631344        134.91973377245085        14.800242876137418     
  0.72683007227673135        110.89205273231573        122.74738955340581        11.855336821090077     
  0.70338500347182864        102.19412391958195        111.16584173572483        8.9717178161428706     
  0.67881691979475667        94.013717931794417        100.18770154815502        6.1739836163606014     
  0.65321716721887002        86.337741159391044        89.823969561792183        3.4862284024011387     
  0.62669908166673238        79.151988936317593        80.083247686181494       0.93125874986390045     
  0.59939679670925694        72.441167236342153        70.970962894631157       -1.4702043417109962     
  0.57146311740838163        66.188941370238354        62.488653060321667       -3.7002883099166866     
  0.54306649202221213        60.378011793759470        54.633367121945412       -5.7446446718140578     
  0.51438718416599893        54.990215808114954        47.397228461959457       -7.5929873461554962     
  0.48561281583400140        50.006652606139596        40.767201600510816       -9.2394510056287800     
  0.45693350797778831        45.407827903271937        34.725088624960335       -10.682739278311601     
  0.42853688259161887        41.173813400786457        29.247764544063102       -11.926048856723355     
  0.40060320329074317        37.284415646224261        24.307641970568511       -12.976773675655750     
  0.37330091833326806        33.719348536411417        19.873337502905997       -13.846011033505420     
  0.34678283278113042        30.458403766111815        15.910497110016877       -14.547906656094938     
  0.32118308020524367        27.481613934983216        12.382727456328212       -15.098886478655004     
  0.29661499652817136        24.769403727840199        9.2525754060770851       -15.516828321763114     
  0.27316992772326903        22.302725495705545        6.4824990121815063       -15.820226483524038     
  0.25091693712246455        20.063176594244169        4.0357794115825527       -16.027397182661616     
  0.22990332333901822        18.033096889980243        1.8773329100877163       -16.155763979892527     
  0.21015582024186943        16.195645843099555       -2.5605461200029822E-002  -16.221251304299585     
  0.19168232745054151        14.534859457112816       -1.7029431072423904       -16.237802564355206     
  0.17447401263881851        13.035688110261390       -3.1813402513816982       -16.217028361643088     
  0.15850763307675839        11.684016832589577       -4.4839641836697410       -16.167981016259318     
  0.14374793990184953        10.466669965668189       -5.6303745428731418       -16.097044508541330     
  0.13015005092569093        9.3714023526046049       -6.6365218543878655       -16.007924206992470     
  0.11766170295305871        8.3868792769512766       -7.5148389691521515       -15.901718246103428     
  0.10622531982185375        7.5026473278736603       -8.2744044693781689       -15.777051797251829     
   9.5779855630386004E-002   6.7090982439034406       -8.9211580540622890       -15.630256297965730     
   8.6262392630833878E-002   5.9974276055567657       -9.4581499035448360       -15.455577509101602     
   7.7609489429375553E-002   5.3595900314069240       -9.8858086068057673       -15.245398638212691     
   6.9758287358906365E-002   4.7882523020278995       -10.202215054756380       -14.990467356784279     
   6.2647391453886966E-002   4.2767456062857718       -10.403372486990520       -14.680118093276292     
   5.6217547847426802E-002   3.8190178853407133       -10.483465445941874       -14.302483331282588     
   5.0412142212975977E-002   3.4095870483921544       -10.435102635201474       -13.844689683593629     
   4.5177544681847662E-002   3.0434956546564536       -10.249540552088547       -13.293036206745001     
   4.0463326032364369E-002   2.7162675000105878       -9.9168862655442354       -12.633153765554823     
   3.6222368339456343E-002   2.4238664141904565       -9.4262788646374247       -11.850145278827881     
   3.2410891079392302E-002   2.1626574642686762       -8.7660499516787240       -10.928707415947400     
   2.8988411199722671E-002   1.9293706705035447       -7.9238641454967365       -9.8532348160002812     
   2.5917653106862112E-002   1.7210672693086906       -6.8868409436363436       -8.6079082129450342     
   2.3164422043215286E-002   1.5351085026618421       -5.6416595125829190       -7.1767680152447610     
   2.0697452018431504E-002   1.3691268713879765       -4.1746480725132642       -5.5437749439012407     
   1.8488237379830134E-002   1.2209997591970136       -2.4718595514186745       -3.6928593106156882     
   1.6510855279369165E-002   1.0888253131058292      -0.51913512972714670       -1.6079604428329759     
   1.4741784721595166E-002  0.97090045213599296        1.6978427972553618       0.72694234511936884     
   1.3159726547705527E-002  0.86570086840194449        4.1935068298325859        3.3278059614306414     
   1.1745427605654979E-002  0.77186288156970306        6.9823686677755177        6.2105057862058146     
   1.0481511451270433E-002  0.68816700807029463        10.078989960979925        9.3908229529096303     
   9.3523171951932684E-003  0.61352310948655031        13.497958890479822        12.884435780993272     
   8.3437475301025438E-003  0.54695698945773330        17.253871587072808        16.706914597615075     
   7.4431265185685306E-003  0.48759831467241099        21.361317609253092        20.873719294580681     
   6.6390673727173147E-003  0.43466974257879798        25.834868806733994        25.400199064155196     
   5.9213501937998674E-003  0.38747714596829752        30.689070989835272        30.301593843866975     
   5.2808094464293215E-003  0.34540083230635332        35.938437908388551        35.593037076082197     
   4.7092308047746168E-003  0.30788766338315554        41.597447117673710        41.289559454290554     
   4.1992569147065277E-003  0.27444398838449402        47.680537373161314        47.406093384776824     
   3.7443015571034994E-003  0.24462931073094296        54.202107251965572        53.957477941234629     
   3.3384716653034408E-003  0.21805061592840147        61.176514747009605        60.958464131081200     
   2.9764966375908316E-003  0.19435729416847281        68.618077622484634        68.423720328316165     
   2.6536643884601421E-003  0.17323659748925024        76.541074353267959        76.367837755778709     
   2.3657635960761137E-003  0.15440957694489477        84.959745503198519        84.805335926253619     
   2.1090316246133627E-003  0.13762745043971236        93.888295421910698        93.750667971470989     
   1.8801076264710578E-003  0.12266835666894238        103.34089416198367        103.21822580531473     
   1.6759903587739186E-003  0.10933445499180827        113.33167953707834        113.22234508208653     
   1.4940002796058754E-003   9.7449335061845943E-002   123.87475925727176        123.77730992220992     
   1.3317455209689280E-003   8.6855703679598051E-002   134.98421309039531        134.89735738671573     
   1.1870913667035216E-003   7.7413319635888378E-002   146.67409500963367        146.59668168999778     
   1.0581328939676231E-003   6.8997150306149280E-002   158.95843529661488        158.88943814630872     
   9.4317046594935441E-004   6.1495726460630173E-002   171.85124257684492        171.78974685038429     
   8.4068779102219079E-004   5.4809674196348190E-002   185.36650576976626        185.31169609556991     
   7.4933228938778046E-004   4.8850405096058758E-002   199.51819594200970        199.46934553691364     
   6.6789753231533513E-004   4.3538947699168773E-002   214.32026805561054        214.27672910791136     
   5.9530754136286361E-004   3.8804905149300239E-002   229.78666260749287        229.74785770234357     
   5.3060275548203752E-004   3.4585525481515056E-002   245.93130715606731        245.89672163058580     
   4.7292749272290186E-004   3.0824872446508333E-002   262.76811773903955        262.73729286659307     
   4.2151875044539074E-004   2.7473086055174623E-002   280.31100017934841        280.28352709329323     
   3.7569620360248217E-004   2.4485723179279439E-002   298.57385128690294        298.54936556372365     
   3.3485327488355388E-004   2.1823169575947432E-002   317.57055995764858        317.54873678807263     
   2.9844916339729326E-004   1.9450115627222653E-002   337.31500817541018        337.29555805978293     
   2.6600173023292299E-004   1.7335088912433738E-002   357.82107191888099        357.80373682996856     
   2.3708114976569951E-004   1.5450037469686206E-002   379.10262198811142        379.08717195064173     
   2.1130424506306380E-004   1.3769958263651016E-002   401.17352474307336        401.15975478480971     
   1.8832943429223755E-004   1.2272565966756854E-002   424.04764276913556        424.03537020316878     
   1.6785222271366220E-004   1.0937997688372780E-002   447.73883547429432        447.72789747660596     
   1.4960118174721135E-004   9.7485497573868152E-003   472.26095961936153        472.25121106960415     
   1.3333436279328997E-004   8.6884430841226434E-003   497.62786978864096        497.61918134555685     
   1.1883609904686058E-004   7.7436140029772949E-003   523.85341880914166        523.84567519513871     
   1.0591415352156229E-004   6.9015278321028495E-003   550.95145811396469        550.94455658613253     
   9.4397175960526814E-005   6.1510126855925940E-003   578.93583806925380        578.92968705656824     
   8.4132435302287841E-005   5.4821113404237010E-003   607.82040825352306        607.81492614218268     
   7.4983797941658708E-005   4.8859491983574421E-003   637.61901769648466        637.61413174728625     
   6.6829925219458427E-005   4.3546165954854166E-003   668.34551510097663        668.34116048438113     
   5.9562666430345204E-005   3.8810639014965620E-003   700.01374901472445        700.00986795082292     
   5.3085626189783373E-005   3.4590080195443518E-003   732.63756798748727        732.63410897946778     
   4.7312887280930034E-005   3.0828490485281246E-003   766.23082070002420        766.22773785097570     
   4.2167872138434488E-005   2.7475960036981439E-003   800.80735608132090        800.80460848531720     
   3.7582327944386288E-005   2.4488006114775640E-003   836.38102337723103        836.37857457661960     
   3.3495421934911012E-005   2.1824983011861365E-003   872.96567225818217        872.96348975988099     
   2.9852934964847990E-005   1.9451556115935853E-003   910.57515284590772        910.57320769029616     
   2.6606542671039780E-005   1.7336233151264424E-003   949.22331577393561        949.22158215062052     
   2.3713174728626338E-005   1.5450946383578634E-003   988.92401221871114        988.92246712407280     
   2.1134443724214803E-005   1.3770680248620104E-003   1029.6910939240079        1029.6897168559831     
   1.8836136088192165E-005   1.2273139466197347E-003   1071.5384132426298        1071.5371859286831     
   1.6787758347663932E-005   1.0938453239679596E-003   1114.4798231043860        1114.4787292590620     
   1.4962132692180108E-005   9.7489116178101076E-004   1158.5291770537442        1158.5282021625824     
   1.3335036496063608E-005   8.6887305223343203E-004   1203.7003292049776        1203.6994603319254     
   1.1884881022294537E-005   7.7438423249041877E-004   1250.0071343004820        1250.0063599162495     
   1.0592425051115981E-005   6.9017091957473270E-004   1297.4634476647916        1297.4627574938720     
   9.4405196386068406E-006   6.1511567486622482E-004   1346.0831251619529        1346.0825100462780     
   8.4138806224692031E-006   5.4822257743555175E-004   1395.8800232334834        1395.8794750109059     
   7.4988858596137405E-006   4.8860400968622070E-004   1446.8679988697622        1446.8675102657526     
   6.6833945076254770E-006   4.3546887990104921E-004   1499.0609095876280        1499.0604741187481     
   5.9565859541625409E-006   3.8811212549978019E-004   1552.4726133270015        1552.4722252148761     
   5.3088162586302063E-006   3.4590535771807096E-004   1607.1169686239009        1607.1166227185431     
   4.7314902025093575E-006   3.0828852363758499E-004   1663.0078344493886        1663.0075261608649     
   4.2169472515667258E-006   2.7476247488197533E-004   1720.1590700892048        1720.1587953267299     
   3.7583599175620983E-006   2.4488234446006299E-004   1778.5845354944904        1778.5842906121459     
   3.3496431714313317E-006   2.1825164381640560E-004   1838.2980907521196        1838.2978725004757     
   2.9853737064351894E-006   1.9451700183727161E-004   1899.3135965074907        1899.3134019904890     
   2.6607179803598071E-006   1.7336347588540676E-004   1961.6449136684387        1961.6447403049629     
   2.3713680822617441E-006   1.5451037284170202E-004   2025.3059036238483        2025.3057491134755     
   2.1134845730101716E-006   1.3770752453818626E-004   2090.3104277051025        2090.3102899975779     
   1.8836455413625974E-006   1.2273196820563118E-004   2156.6723480419168        2156.6722253099488     
   1.6788011997443668E-006   1.0938498797983393E-004   2224.4055268249431        2224.4054174399553     
   1.4962334173766507E-006   9.7489478062972104E-005   2293.5238262536732        2293.5237287641953     
   1.3335196538862915E-006   8.6887592680865225E-005   2364.0411093592993        2364.0410224717066     
   1.1885008149011545E-006   7.7438651580817065E-005   2435.9712386813189        2435.9711612426672     
   1.0592526031600254E-006   6.9017273331419340E-005   2509.3280781222566        2509.3280091049833     
 
 
