Splitting functions initialised!
nloop =   1
order =  -6
dy =   2.500000E-02
eps =   1.000000E-09
Coupling with nf=4
Evolution done!

           Evaluating PDFs at Q =  100.000 GeV
    x          u-ubar          d-dbar      2(ubr+dbr)          s+sbar          c+cbar          b+bbar           gluon
1.0E-07  5.77222800E-05  3.43430998E-05  9.94652835E+01  4.86416686E+01  4.79143532E+01  0.00000000E+00  1.31624480E+03
1.0E-06  3.33730215E-04  1.98003068E-04  5.02588046E+01  2.42628494E+01  2.36851475E+01  0.00000000E+00  6.00076431E+02
1.0E-05  1.87244588E-03  1.10651554E-03  2.43784377E+01  1.15011340E+01  1.10424108E+01  0.00000000E+00  2.54187376E+02
1.0E-04  1.00568299E-02  5.90756537E-03  1.13229550E+01  5.11640162E+00  4.75301772E+00  0.00000000E+00  9.73708950E+01
1.0E-03  5.03924867E-02  2.92960038E-02  5.03239505E+00  2.09179876E+00  1.80886626E+00  0.00000000E+00  3.20780793E+01
1.0E-02  2.19548328E-01  1.24328643E-01  2.04328175E+00  7.28136985E-01  5.32467724E-01  0.00000000E+00  8.05462128E+00
1.0E-01  5.72672516E-01  2.84134477E-01  4.08321592E-01  1.16982683E-01  5.88639401E-02  0.00000000E+00  8.87657205E-01
3.0E-01  3.79249599E-01  1.41862836E-01  4.01654029E-02  1.05158503E-02  4.13794959E-03  0.00000000E+00  8.26758047E-02
5.0E-01  1.34759017E-01  3.53637524E-02  2.86243956E-03  7.31374942E-04  2.64811716E-04  0.00000000E+00  7.92403859E-03
7.0E-01  2.31229618E-02  3.59432880E-03  6.89614067E-05  1.77252454E-05  6.55494013E-06  0.00000000E+00  3.73111509E-04
9.0E-01  4.34431819E-04  2.22868104E-05  3.62932359E-08  1.01922586E-08  4.88935230E-09  0.00000000E+00  1.09178566E-06
