Splitting functions initialised!
nloop =   1
order =  -6
dy =   1.000000E-01
eps =   1.000000E-07
Coupling with nf=4
Evolution done!

           Evaluating PDFs at Q =  100.000 GeV
    x          u-ubar          d-dbar      2(ubr+dbr)          s+sbar          c+cbar          b+bbar           gluon
1.0E-07  5.77222804E-05  3.43430998E-05  9.94652918E+01  4.86416728E+01  4.79143574E+01  0.00000000E+00  1.31624498E+03
1.0E-06  3.33730218E-04  1.98003068E-04  5.02588114E+01  2.42628528E+01  2.36851509E+01  0.00000000E+00  6.00076522E+02
1.0E-05  1.87244590E-03  1.10651554E-03  2.43784411E+01  1.15011357E+01  1.10424125E+01  0.00000000E+00  2.54187414E+02
1.0E-04  1.00568301E-02  5.90756536E-03  1.13229564E+01  5.11640233E+00  4.75301843E+00  0.00000000E+00  9.73709100E+01
1.0E-03  5.03924879E-02  2.92960038E-02  5.03239563E+00  2.09179905E+00  1.80886655E+00  0.00000000E+00  3.20780850E+01
1.0E-02  2.19548336E-01  1.24328642E-01  2.04328198E+00  7.28137100E-01  5.32467839E-01  0.00000000E+00  8.05462312E+00
1.0E-01  5.72672521E-01  2.84134478E-01  4.08321608E-01  1.16982690E-01  5.88639470E-02  0.00000000E+00  8.87657397E-01
3.0E-01  3.79249601E-01  1.41862835E-01  4.01654030E-02  1.05158503E-02  4.13794958E-03  0.00000000E+00  8.26758085E-02
5.0E-01  1.34759020E-01  3.53637515E-02  2.86243976E-03  7.31374981E-04  2.64811713E-04  0.00000000E+00  7.92404133E-03
7.0E-01  2.31229623E-02  3.59432893E-03  6.89614087E-05  1.77252449E-05  6.55493860E-06  0.00000000E+00  3.73111730E-04
9.0E-01  4.34431951E-04  2.22868193E-05  3.62932538E-08  1.01922621E-08  4.88935226E-09  0.00000000E+00  1.09178660E-06
