Splitting functions initialised!
nloop =   2
order =  -6
dy =   2.500000E-02
eps =   1.000000E-09
Coupling with nf=4
Evolution done!

           Evaluating PDFs at Q =  100.000 GeV
    x      u-ubar      d-dbar    2(ubr+dbr)    c+cbar    b+bbar       gluon
1.0E-07  1.06160329E-04  6.23275266E-05  1.35982781E+02  6.61949601E+01  0.00000000E+00  1.14835120E+03
1.0E-06  5.41765710E-04  3.17189885E-04  6.83964083E+01  3.27713879E+01  0.00000000E+00  5.39113893E+02
1.0E-05  2.68702837E-03  1.56774417E-03  3.27282171E+01  1.52314521E+01  0.00000000E+00  2.35282346E+02
1.0E-04  1.28411906E-02  7.45576443E-03  1.47461306E+01  6.47688186E+00  0.00000000E+00  9.28725165E+01
1.0E-03  5.79255816E-02  3.33366349E-02  6.16485332E+00  2.38777039E+00  0.00000000E+00  3.15023957E+01
1.0E-02  2.30260702E-01  1.29280891E-01  2.25270153E+00  6.52456506E-01  0.00000000E+00  8.10656540E+00
1.0E-01  5.54521625E-01  2.73363495E-01  3.93364454E-01  6.03510954E-02  0.00000000E+00  8.98674483E-01
3.0E-01  3.53932282E-01  1.31576952E-01  3.58475689E-02  3.38895548E-03  0.00000000E+00  8.34507763E-02
5.0E-01  1.22708375E-01  3.19667706E-02  2.41256778E-03  1.69545964E-04  0.00000000E+00  8.04729889E-03
7.0E-01  2.04291443E-02  3.14734685E-03  5.36223311E-05  2.78068688E-06  0.00000000E+00  3.87212540E-04
9.0E-01  3.60963763E-04  1.83169090E-05  2.09185598E-08 -2.40508522E-10  0.00000000E+00  1.21266325E-06
