Splitting functions initialised!
nloop =   2
order =  -6
dy =   1.250000E-02
eps =   1.000000E-10
Evolution done!

           Evaluating PDFs at Q =  100.000 GeV
    x      u-ubar      d-dbar    2(ubr+dbr)    c+cbar    b+bbar       gluon
1.0E-07  1.09268457E-04  6.41252094E-05  1.37868240E+02  6.71393611E+01  6.00713379E+01  1.11672570E+03
1.0E-06  5.55331712E-04  3.24982412E-04  6.91567042E+01  3.31528678E+01  2.88599701E+01  5.22895073E+02
1.0E-05  2.74188332E-03  1.59894288E-03  3.29964025E+01  1.53666207E+01  1.28922437E+01  2.27533346E+02
1.0E-04  1.30387838E-02  7.56638566E-03  1.48217348E+01  6.51560606E+00  5.19689956E+00  8.95128141E+01
1.0E-03  5.85070613E-02  3.36522592E-02  6.17719501E+00  2.39489163E+00  1.78007374E+00  3.02454086E+01
1.0E-02  2.31282138E-01  1.29776874E-01  2.25001016E+00  6.52349489E-01  4.38936536E-01  7.74914906E+00
1.0E-01  5.53241772E-01  2.72516494E-01  3.90993680E-01  6.00713077E-02  3.54405400E-02  8.55860459E-01
3.0E-01  3.51290670E-01  1.30463190E-01  3.54626279E-02  3.35952697E-03  1.90386904E-03  7.96247854E-02
5.0E-01  1.21302053E-01  3.15643990E-02  2.37746693E-03  1.67610721E-04  1.00209040E-04  7.72652443E-03
7.0E-01  2.01024109E-02  3.09317501E-03  5.26053167E-05  2.74082314E-06  2.00951193E-06  3.75743281E-04
9.0E-01  3.52324725E-04  1.78548796E-05  2.02812056E-08 -2.66646276E-10  5.81913349E-10  1.19544019E-06
