Splitting functions initialised!
nloop =   2
order =  -6
dy =   1.250000E-02
eps =   1.000000E-10
Coupling with nf=4
Evolution done!

           Evaluating PDFs at Q =  100.000 GeV
    x      u-ubar      d-dbar    2(ubr+dbr)    c+cbar    b+bbar       gluon
1.0E-07  1.06160329E-04  6.23275265E-05  1.35982781E+02  6.61949601E+01  0.00000000E+00  1.14835119E+03
1.0E-06  5.41765710E-04  3.17189885E-04  6.83964082E+01  3.27713878E+01  0.00000000E+00  5.39113892E+02
1.0E-05  2.68702837E-03  1.56774417E-03  3.27282171E+01  1.52314521E+01  0.00000000E+00  2.35282346E+02
1.0E-04  1.28411906E-02  7.45576443E-03  1.47461306E+01  6.47688185E+00  0.00000000E+00  9.28725165E+01
1.0E-03  5.79255816E-02  3.33366349E-02  6.16485331E+00  2.38777039E+00  0.00000000E+00  3.15023957E+01
1.0E-02  2.30260702E-01  1.29280891E-01  2.25270152E+00  6.52456505E-01  0.00000000E+00  8.10656539E+00
1.0E-01  5.54521625E-01  2.73363495E-01  3.93364454E-01  6.03510954E-02  0.00000000E+00  8.98674483E-01
3.0E-01  3.53932282E-01  1.31576952E-01  3.58475689E-02  3.38895548E-03  0.00000000E+00  8.34507763E-02
5.0E-01  1.22708375E-01  3.19667706E-02  2.41256778E-03  1.69545964E-04  0.00000000E+00  8.04729888E-03
7.0E-01  2.04291443E-02  3.14734684E-03  5.36223311E-05  2.78068688E-06  0.00000000E+00  3.87212539E-04
9.0E-01  3.60963763E-04  1.83169090E-05  2.09185597E-08 -2.40508532E-10  0.00000000E+00  1.21266324E-06
