# Q =     2.0000
# x  F1Wp(LO) F1Wm(LO) F1Wp(NLO) F1Wm(NLO) F1Wp(NNLO) F1Wm(NNLO) F1Wp(N3LO) F1Wm(N3LO) F1Z(LO) F1Z(NLO) F1Z(NNLO) F1Z(N3LO)
  1.0000E-05  1.5325E+05  1.5326E+05 -3.6773E+04 -3.6761E+04 -2.3582E+03 -2.3525E+03 -8.0275E+02 -8.0453E+02  1.0370E+05 -2.4563E+04 -1.6147E+03 -5.6542E+02
  1.1220E-05  1.3392E+05  1.3394E+05 -3.2315E+04 -3.2304E+04 -2.4312E+03 -2.4259E+03 -9.9094E+02 -9.9262E+02  9.0629E+04 -2.1584E+04 -1.6571E+03 -6.8650E+02
  1.2589E-05  1.1704E+05  1.1705E+05 -2.8395E+04 -2.8384E+04 -2.4494E+03 -2.4444E+03 -1.1078E+03 -1.1094E+03  7.9204E+04 -1.8965E+04 -1.6639E+03 -7.6069E+02
  1.4125E-05  1.0227E+05  1.0229E+05 -2.4948E+04 -2.4938E+04 -2.4252E+03 -2.4205E+03 -1.1697E+03 -1.1712E+03  6.9216E+04 -1.6663E+04 -1.6432E+03 -7.9875E+02
  1.5849E-05  8.9372E+04  8.9386E+04 -2.1918E+04 -2.1908E+04 -2.3687E+03 -2.3644E+03 -1.1897E+03 -1.1911E+03  6.0486E+04 -1.4638E+04 -1.6017E+03 -8.0940E+02
  1.7783E-05  7.8095E+04  7.8109E+04 -1.9254E+04 -1.9244E+04 -2.2883E+03 -2.2843E+03 -1.1785E+03 -1.1798E+03  5.2856E+04 -1.2858E+04 -1.5447E+03 -7.9963E+02
  1.9953E-05  6.8240E+04  6.8253E+04 -1.6912E+04 -1.6903E+04 -2.1908E+03 -2.1870E+03 -1.1446E+03 -1.1458E+03  4.6187E+04 -1.1294E+04 -1.4768E+03 -7.7503E+02
  2.2387E-05  5.9626E+04  5.9639E+04 -1.4854E+04 -1.4844E+04 -2.0816E+03 -2.0781E+03 -1.0947E+03 -1.0958E+03  4.0359E+04 -9.9190E+03 -1.4016E+03 -7.4005E+02
  2.5119E-05  5.2099E+04  5.2112E+04 -1.3044E+04 -1.3036E+04 -1.9651E+03 -1.9618E+03 -1.0340E+03 -1.0351E+03  3.5265E+04 -8.7105E+03 -1.3218E+03 -6.9817E+02
  2.8184E-05  4.5521E+04  4.5533E+04 -1.1455E+04 -1.1446E+04 -1.8447E+03 -1.8417E+03 -9.6676E+02 -9.6775E+02  3.0814E+04 -7.6485E+03 -1.2398E+03 -6.5212E+02
  3.1623E-05  3.9773E+04  3.9785E+04 -1.0057E+04 -1.0049E+04 -1.7233E+03 -1.7205E+03 -8.9615E+02 -8.9707E+02  2.6923E+04 -6.7153E+03 -1.1573E+03 -6.0399E+02
  3.5481E-05  3.4750E+04  3.4761E+04 -8.8299E+03 -8.8222E+03 -1.6030E+03 -1.6004E+03 -8.2459E+02 -8.2545E+02  2.3524E+04 -5.8954E+03 -1.0758E+03 -5.5539E+02
  3.9811E-05  3.0361E+04  3.0372E+04 -7.7514E+03 -7.7440E+03 -1.4854E+03 -1.4830E+03 -7.5388E+02 -7.5468E+02  2.0553E+04 -5.1750E+03 -9.9624E+02 -5.0748E+02
  4.4668E-05  2.6525E+04  2.6536E+04 -6.8040E+03 -6.7969E+03 -1.3716E+03 -1.3694E+03 -6.8535E+02 -6.8609E+02  1.7958E+04 -4.5423E+03 -9.1947E+02 -4.6113E+02
  5.0119E-05  2.3174E+04  2.3185E+04 -5.9718E+03 -5.9650E+03 -1.2627E+03 -1.2606E+03 -6.1990E+02 -6.2059E+02  1.5689E+04 -3.9865E+03 -8.4602E+02 -4.1693E+02
  5.6234E-05  2.0247E+04  2.0257E+04 -5.2409E+03 -5.2344E+03 -1.1591E+03 -1.1572E+03 -5.5816E+02 -5.5879E+02  1.3708E+04 -3.4983E+03 -7.7626E+02 -3.7528E+02
  6.3096E-05  1.7688E+04  1.7698E+04 -4.5990E+03 -4.5928E+03 -1.0612E+03 -1.0594E+03 -5.0049E+02 -5.0108E+02  1.1976E+04 -3.0696E+03 -7.1042E+02 -3.3642E+02
  7.0795E-05  1.5453E+04  1.5463E+04 -4.0353E+03 -4.0293E+03 -9.6923E+02 -9.6762E+02 -4.4708E+02 -4.4763E+02  1.0463E+04 -2.6932E+03 -6.4863E+02 -3.0045E+02
  7.9433E-05  1.3501E+04  1.3510E+04 -3.5403E+03 -3.5347E+03 -8.8327E+02 -8.8180E+02 -3.9798E+02 -3.9849E+02  9.1412E+03 -2.3627E+03 -5.9092E+02 -2.6741E+02
  8.9125E-05  1.1795E+04  1.1804E+04 -3.1058E+03 -3.1004E+03 -8.0327E+02 -8.0192E+02 -3.5313E+02 -3.5360E+02  7.9863E+03 -2.0725E+03 -5.3723E+02 -2.3724E+02
  1.0000E-04  1.0304E+04  1.0313E+04 -2.7243E+03 -2.7191E+03 -7.2909E+02 -7.2785E+02 -3.1238E+02 -3.1282E+02  6.9773E+03 -1.8178E+03 -4.8749E+02 -2.0984E+02
  1.1220E-04  9.0019E+03  9.0107E+03 -2.3895E+03 -2.3845E+03 -6.6055E+02 -6.5942E+02 -2.7556E+02 -2.7596E+02  6.0958E+03 -1.5942E+03 -4.4154E+02 -1.8509E+02
  1.2589E-04  7.8643E+03  7.8729E+03 -2.0956E+03 -2.0908E+03 -5.9741E+02 -5.9639E+02 -2.4243E+02 -2.4280E+02  5.3257E+03 -1.3980E+03 -3.9925E+02 -1.6283E+02
  1.4125E-04  6.8706E+03  6.8789E+03 -1.8377E+03 -1.8331E+03 -5.3942E+02 -5.3849E+02 -2.1274E+02 -2.1309E+02  4.6529E+03 -1.2258E+03 -3.6041E+02 -1.4289E+02
  1.5849E-04  6.0024E+03  6.0105E+03 -1.6113E+03 -1.6070E+03 -4.8630E+02 -4.8545E+02 -1.8625E+02 -1.8657E+02  4.0651E+03 -1.0747E+03 -3.2485E+02 -1.2510E+02
  1.7783E-04  5.2440E+03  5.2518E+03 -1.4127E+03 -1.4086E+03 -4.3774E+02 -4.3698E+02 -1.6269E+02 -1.6298E+02  3.5516E+03 -9.4214E+02 -2.9236E+02 -1.0928E+02
  1.9953E-04  4.5814E+03  4.5891E+03 -1.2385E+03 -1.2346E+03 -3.9347E+02 -3.9278E+02 -1.4181E+02 -1.4208E+02  3.1031E+03 -8.2585E+02 -2.6275E+02 -9.5262E+01
  2.2387E-04  4.0026E+03  4.0101E+03 -1.0857E+03 -1.0820E+03 -3.5318E+02 -3.5256E+02 -1.2336E+02 -1.2361E+02  2.7112E+03 -7.2383E+02 -2.3581E+02 -8.2874E+01
  2.5119E-04  3.4970E+03  3.5043E+03 -9.5161E+02 -9.4809E+02 -3.1659E+02 -3.1604E+02 -1.0710E+02 -1.0733E+02  2.3689E+03 -6.3436E+02 -2.1134E+02 -7.1961E+01
  2.8184E-04  3.0553E+03  3.0624E+03 -8.3403E+02 -8.3069E+02 -2.8341E+02 -2.8292E+02 -9.2822E+01 -9.3030E+01  2.0698E+03 -5.5589E+02 -1.8917E+02 -6.2372E+01
  3.1623E-04  2.6695E+03  2.6763E+03 -7.3092E+02 -7.2774E+02 -2.5339E+02 -2.5295E+02 -8.0307E+01 -8.0497E+01  1.8085E+03 -4.8708E+02 -1.6911E+02 -5.3971E+01
  3.5481E-04  2.3324E+03  2.3391E+03 -6.4050E+02 -6.3749E+02 -2.2626E+02 -2.2588E+02 -6.9367E+01 -6.9542E+01  1.5803E+03 -4.2675E+02 -1.5099E+02 -4.6626E+01
  3.9811E-04  2.0379E+03  2.0444E+03 -5.6121E+02 -5.5837E+02 -2.0179E+02 -2.0145E+02 -5.9827E+01 -5.9988E+01  1.3809E+03 -3.7386E+02 -1.3465E+02 -4.0222E+01
  4.4668E-04  1.7807E+03  1.7870E+03 -4.9171E+02 -4.8902E+02 -1.7975E+02 -1.7945E+02 -5.1528E+01 -5.1675E+01  1.2068E+03 -3.2749E+02 -1.1993E+02 -3.4650E+01
  5.0119E-04  1.5560E+03  1.5621E+03 -4.3078E+02 -4.2824E+02 -1.5993E+02 -1.5967E+02 -4.4323E+01 -4.4459E+01  1.0546E+03 -2.8685E+02 -1.0669E+02 -2.9812E+01
  5.6234E-04  1.3597E+03  1.3656E+03 -3.7737E+02 -3.7498E+02 -1.4212E+02 -1.4190E+02 -3.8081E+01 -3.8206E+01  9.2167E+02 -2.5123E+02 -9.4804E+01 -2.5620E+01
  6.3096E-04  1.1882E+03  1.1940E+03 -3.3056E+02 -3.2831E+02 -1.2615E+02 -1.2595E+02 -3.2685E+01 -3.2799E+01  8.0553E+02 -2.2002E+02 -8.4144E+01 -2.1996E+01
  7.0795E-04  1.0383E+03  1.0440E+03 -2.8954E+02 -2.8742E+02 -1.1184E+02 -1.1168E+02 -2.8028E+01 -2.8133E+01  7.0408E+02 -1.9267E+02 -7.4596E+01 -1.8867E+01
  7.9433E-04  9.0742E+02  9.1291E+02 -2.5359E+02 -2.5160E+02 -9.9038E+01 -9.8901E+01 -2.4016E+01 -2.4112E+01  6.1544E+02 -1.6870E+02 -6.6056E+01 -1.6172E+01
  8.9125E-04  7.9305E+02  7.9839E+02 -2.2209E+02 -2.2023E+02 -8.7601E+01 -8.7487E+01 -2.0566E+01 -2.0655E+01  5.3799E+02 -1.4771E+02 -5.8426E+01 -1.3853E+01
  1.0000E-03  6.9313E+02  6.9833E+02 -1.9449E+02 -1.9275E+02 -7.7395E+01 -7.7302E+01 -1.7603E+01 -1.7685E+01  4.7033E+02 -1.2932E+02 -5.1618E+01 -1.1862E+01
  1.1220E-03  6.0583E+02  6.1089E+02 -1.7032E+02 -1.6869E+02 -6.8299E+01 -6.8224E+01 -1.5063E+01 -1.5138E+01  4.1121E+02 -1.1321E+02 -4.5550E+01 -1.0154E+01
  1.2589E-03  5.2956E+02  5.3447E+02 -1.4914E+02 -1.4762E+02 -6.0201E+01 -6.0143E+01 -1.2888E+01 -1.2957E+01  3.5955E+02 -9.9106E+01 -4.0150E+01 -8.6908E+00
  1.4125E-03  4.6291E+02  4.6769E+02 -1.3059E+02 -1.2917E+02 -5.3002E+01 -5.2958E+01 -1.1027E+01 -1.1091E+01  3.1442E+02 -8.6752E+01 -3.5349E+01 -7.4391E+00
  1.5849E-03  4.0467E+02  4.0932E+02 -1.1434E+02 -1.1303E+02 -4.6608E+01 -4.6577E+01 -9.4374E+00 -9.4959E+00  2.7498E+02 -7.5934E+01 -3.1086E+01 -6.3693E+00
  1.7783E-03  3.5379E+02  3.5830E+02 -1.0010E+02 -9.8893E+01 -4.0938E+01 -4.0917E+01 -8.0800E+00 -8.1340E+00  2.4051E+02 -6.6462E+01 -2.7305E+01 -5.4555E+00
  1.9953E-03  3.0932E+02  3.1371E+02 -8.7638E+01 -8.6523E+01 -3.5914E+01 -3.5904E+01 -6.9219E+00 -6.9716E+00  2.1039E+02 -5.8169E+01 -2.3955E+01 -4.6756E+00
  2.2387E-03  2.7046E+02  2.7473E+02 -7.6721E+01 -7.5697E+01 -3.1470E+01 -3.1467E+01 -5.9342E+00 -5.9801E+00  1.8406E+02 -5.0908E+01 -2.0992E+01 -4.0103E+00
  2.5119E-03  2.3649E+02  2.4065E+02 -6.7162E+01 -6.6224E+01 -2.7542E+01 -2.7546E+01 -5.0920E+00 -5.1344E+00  1.6106E+02 -4.4552E+01 -1.8373E+01 -3.4427E+00
  2.8184E-03  2.0681E+02  2.1085E+02 -5.8790E+01 -5.7935E+01 -2.4076E+01 -2.4085E+01 -4.3740E+00 -4.4131E+00  1.4095E+02 -3.8988E+01 -1.6062E+01 -2.9586E+00
  3.1623E-03  1.8087E+02  1.8480E+02 -5.1459E+01 -5.0684E+01 -2.1020E+01 -2.1034E+01 -3.7617E+00 -3.7978E+00  1.2337E+02 -3.4118E+01 -1.4025E+01 -2.5456E+00
  3.5481E-03  1.5819E+02  1.6201E+02 -4.5040E+01 -4.4340E+01 -1.8330E+01 -1.8348E+01 -3.2393E+00 -3.2726E+00  1.0800E+02 -2.9856E+01 -1.2232E+01 -2.1931E+00
  3.9811E-03  1.3837E+02  1.4208E+02 -3.9418E+01 -3.8791E+01 -1.5965E+01 -1.5986E+01 -2.7933E+00 -2.8240E+00  9.4565E+01 -2.6125E+01 -1.0655E+01 -1.8920E+00
  4.4668E-03  1.2104E+02  1.2465E+02 -3.4496E+01 -3.3938E+01 -1.3889E+01 -1.3911E+01 -2.4122E+00 -2.4405E+00  8.2818E+01 -2.2859E+01 -9.2705E+00 -1.6346E+00
  5.0119E-03  1.0590E+02  1.0940E+02 -3.0185E+01 -2.9693E+01 -1.2067E+01 -1.2092E+01 -2.0862E+00 -2.1123E+00  7.2546E+01 -2.0002E+01 -8.0562E+00 -1.4143E+00
  5.6234E-03  9.2650E+01  9.6052E+01 -2.6410E+01 -2.5980E+01 -1.0473E+01 -1.0498E+01 -1.8069E+00 -1.8309E+00  6.3562E+01 -1.7500E+01 -6.9927E+00 -1.2255E+00
  6.3096E-03  8.1069E+01  8.4373E+01 -2.3104E+01 -2.2733E+01 -9.0778E+00 -9.1039E+00 -1.5674E+00 -1.5894E+00  5.5705E+01 -1.5311E+01 -6.0626E+00 -1.0635E+00
  7.0795E-03  7.0941E+01  7.4150E+01 -2.0208E+01 -1.9894E+01 -7.8597E+00 -7.8859E+00 -1.3616E+00 -1.3818E+00  4.8832E+01 -1.3395E+01 -5.2502E+00 -9.2422E-01
  7.9433E-03  6.2084E+01  6.5200E+01 -1.7672E+01 -1.7411E+01 -6.7973E+00 -6.8235E+00 -1.1844E+00 -1.2029E+00  4.2819E+01 -1.1718E+01 -4.5416E+00 -8.0426E-01
  8.9125E-03  5.4337E+01  5.7362E+01 -1.5451E+01 -1.5240E+01 -5.8721E+00 -5.8978E+00 -1.0317E+00 -1.0485E+00  3.7557E+01 -1.0250E+01 -3.9244E+00 -7.0079E-01
  1.0000E-02  4.7560E+01  5.0496E+01 -1.3505E+01 -1.3341E+01 -5.0673E+00 -5.0926E+00 -8.9975E-01 -9.1502E-01  3.2952E+01 -8.9652E+00 -3.3876E+00 -6.1136E-01
  1.1220E-02  4.1631E+01  4.4480E+01 -1.1800E+01 -1.1680E+01 -4.3685E+00 -4.3931E+00 -7.8562E-01 -7.9942E-01  2.8921E+01 -7.8403E+00 -2.9213E+00 -5.3396E-01
  1.2589E-02  3.6443E+01  3.9206E+01 -1.0306E+01 -1.0228E+01 -3.7624E+00 -3.7862E+00 -6.8671E-01 -6.9914E-01  2.5392E+01 -6.8554E+00 -2.5169E+00 -4.6684E-01
  1.4125E-02  3.1902E+01  3.4582E+01 -8.9965E+00 -8.9579E+00 -3.2374E+00 -3.2605E+00 -6.0087E-01 -6.1200E-01  2.2300E+01 -5.9930E+00 -2.1665E+00 -4.0855E-01
  1.5849E-02  2.7928E+01  3.0526E+01 -7.8491E+00 -7.8466E+00 -2.7834E+00 -2.8058E+00 -5.2628E-01 -5.3619E-01  1.9592E+01 -5.2378E+00 -1.8635E+00 -3.5788E-01
  1.7783E-02  2.4449E+01  2.6966E+01 -6.8433E+00 -6.8742E+00 -2.3913E+00 -2.4129E+00 -4.6139E-01 -4.7015E-01  1.7219E+01 -4.5763E+00 -1.6018E+00 -3.1377E-01
  1.9953E-02  2.1402E+01  2.3839E+01 -5.9615E+00 -6.0231E+00 -2.0530E+00 -2.0741E+00 -4.0489E-01 -4.1259E-01  1.5139E+01 -3.9967E+00 -1.3760E+00 -2.7534E-01
  2.2387E-02  1.8733E+01  2.1092E+01 -5.1883E+00 -5.2780E+00 -1.7616E+00 -1.7822E+00 -3.5565E-01 -3.6238E-01  1.3314E+01 -3.4888E+00 -1.1815E+00 -2.4184E-01
  2.5119E-02  1.6395E+01  1.8677E+01 -4.5102E+00 -4.6254E+00 -1.5108E+00 -1.5311E+00 -3.1273E-01 -3.1856E-01  1.1713E+01 -3.0437E+00 -1.0141E+00 -2.1262E-01
  2.8184E-02  1.4345E+01  1.6551E+01 -3.9154E+00 -4.0535E+00 -1.2952E+00 -1.3154E+00 -2.7530E-01 -2.8033E-01  1.0308E+01 -2.6533E+00 -8.7024E-01 -1.8713E-01
  3.1623E-02  1.2548E+01  1.4679E+01 -3.3935E+00 -3.5519E+00 -1.1100E+00 -1.1303E+00 -2.4265E-01 -2.4697E-01  9.0732E+00 -2.3109E+00 -7.4674E-01 -1.6489E-01
  3.5481E-02  1.0972E+01  1.3028E+01 -2.9357E+00 -3.1118E+00 -9.5113E-01 -9.7166E-01 -2.1415E-01 -2.1787E-01  7.9878E+00 -2.0104E+00 -6.4081E-01 -1.4549E-01
  3.9811E-02  9.5885E+00  1.1570E+01 -2.5339E+00 -2.7251E+00 -8.1483E-01 -8.3588E-01 -1.8928E-01 -1.9251E-01  7.0329E+00 -1.7466E+00 -5.5003E-01 -1.2857E-01
  4.4668E-02  8.3737E+00  1.0282E+01 -2.1812E+00 -2.3850E+00 -6.9796E-01 -7.1977E-01 -1.6757E-01 -1.7041E-01  6.1920E+00 -1.5149E+00 -4.7227E-01 -1.1380E-01
  5.0119E-02  7.3063E+00  9.1413E+00 -1.8718E+00 -2.0855E+00 -5.9777E-01 -6.2055E-01 -1.4859E-01 -1.5118E-01  5.4508E+00 -1.3112E+00 -4.0570E-01 -1.0092E-01
  5.6234E-02  6.3679E+00  8.1296E+00 -1.6002E+00 -1.8213E+00 -5.1186E-01 -5.3583E-01 -1.3199E-01 -1.3446E-01  4.7966E+00 -1.1320E+00 -3.4870E-01 -8.9673E-02
  6.3096E-02  5.5421E+00  7.2306E+00 -1.3619E+00 -1.5878E+00 -4.3813E-01 -4.6351E-01 -1.1743E-01 -1.1993E-01  4.2186E+00 -9.7432E-01 -2.9990E-01 -7.9853E-02
  7.0795E-02  4.8150E+00  6.4300E+00 -1.1529E+00 -1.3810E+00 -3.7480E-01 -4.0175E-01 -1.0464E-01 -1.0731E-01  3.7071E+00 -8.3543E-01 -2.5808E-01 -7.1265E-02
  7.9433E-02  4.1741E+00  5.7152E+00 -9.6981E-01 -1.1974E+00 -3.2030E-01 -3.4898E-01 -9.3357E-02 -9.6351E-02  3.2537E+00 -7.1303E-01 -2.2220E-01 -6.3740E-02
  8.9125E-02  3.6089E+00  5.0754E+00 -8.0950E-01 -1.0340E+00 -2.7331E-01 -3.0381E-01 -8.3360E-02 -8.6841E-02  2.8512E+00 -6.0511E-01 -1.9135E-01 -5.7130E-02
  1.0000E-01  3.1098E+00  4.5010E+00 -6.6939E-01 -8.8821E-01 -2.3268E-01 -2.6503E-01 -7.4450E-02 -7.8578E-02  2.4932E+00 -5.0992E-01 -1.6475E-01 -5.1299E-02
  1.1220E-01  2.6690E+00  3.9836E+00 -5.4723E-01 -7.5782E-01 -1.9742E-01 -2.3159E-01 -6.6450E-02 -7.1384E-02  2.1741E+00 -4.2597E-01 -1.4173E-01 -4.6130E-02
  1.2589E-01  2.2792E+00  3.5162E+00 -4.4107E-01 -6.4092E-01 -1.6670E-01 -2.0256E-01 -5.9208E-02 -6.5095E-02  1.8892E+00 -3.5199E-01 -1.2170E-01 -4.1515E-02
  1.4125E-01  1.9346E+00  3.0924E+00 -3.4927E-01 -5.3594E-01 -1.3983E-01 -1.7715E-01 -5.2586E-02 -5.9555E-02  1.6343E+00 -2.8690E-01 -1.0417E-01 -3.7359E-02
  1.5849E-01  1.6300E+00  2.7070E+00 -2.7039E-01 -4.4158E-01 -1.1622E-01 -1.5464E-01 -4.6469E-02 -5.4620E-02  1.4060E+00 -2.2977E-01 -8.8715E-02 -3.3573E-02
  1.7783E-01  1.3609E+00  2.3555E+00 -2.0322E-01 -3.5685E-01 -9.5399E-02 -1.3443E-01 -4.0756E-02 -5.0145E-02  1.2011E+00 -1.7986E-01 -7.4979E-02 -3.0078E-02
  1.9953E-01  1.1237E+00  2.0339E+00 -1.4673E-01 -2.8095E-01 -7.6986E-02 -1.1599E-01 -3.5366E-02 -4.5989E-02  1.0173E+00 -1.3656E-01 -6.2670E-02 -2.6803E-02
  2.2387E-01  9.1523E-01  1.7394E+00 -1.0003E-01 -2.1338E-01 -6.0701E-02 -9.8900E-02 -3.0237E-02 -4.2009E-02  8.5227E-01 -9.9365E-02 -5.1558E-02 -2.3683E-02
  2.5119E-01  7.3294E-01  1.4694E+00 -6.2315E-02 -1.5383E-01 -4.6350E-02 -8.2816E-02 -2.5329E-02 -3.8066E-02  7.0448E-01 -6.7901E-02 -4.1472E-02 -2.0661E-02
  2.8184E-01  5.7475E-01  1.2224E+00 -3.2884E-02 -1.0218E-01 -3.3816E-02 -6.7513E-02 -2.0629E-02 -3.4023E-02  5.7259E-01 -4.1859E-02 -3.2302E-02 -1.7694E-02
  3.1623E-01  4.3897E-01  9.9707E-01 -1.1038E-02 -5.8512E-02 -2.3055E-02 -5.2886E-02 -1.6153E-02 -2.9761E-02  4.5560E-01 -2.0994E-02 -2.4002E-02 -1.4753E-02
  3.5481E-01  3.2422E-01  7.9309E-01  3.9412E-03 -2.3002E-02 -1.4080E-02 -3.8973E-02 -1.1954E-02 -2.5191E-02  3.5285E-01 -5.0842E-03 -1.6586E-02 -1.1831E-02
  3.9811E-01  2.2935E-01  6.1057E-01  1.2848E-02  4.1184E-03 -6.9421E-03 -2.5973E-02 -8.1209E-03 -2.0278E-02  2.6392E-01  6.1069E-03 -1.0130E-02 -8.9535E-03
  4.4668E-01  1.5328E-01  4.5020E-01  1.6607E-02  2.2688E-02 -1.6930E-03 -1.4262E-02 -4.7809E-03 -1.5079E-02  1.8858E-01  1.2884E-02 -4.7612E-03 -6.1818E-03
  5.0119E-01  9.4854E-02  3.1307E-01  1.6313E-02  3.2771E-02  1.6592E-03 -4.3778E-03 -2.0838E-03 -9.7767E-03  1.2669E-01  1.5679E-02 -6.3685E-04 -3.6250E-03
  5.6234E-01  5.2688E-02  2.0050E-01  1.3249E-02  3.4866E-02  3.2136E-03  3.0262E-03 -1.7597E-04 -4.7233E-03  7.8094E-02  1.5121E-02  2.0924E-03 -1.4393E-03
  6.3096E-01  2.4932E-02  1.1365E-01  8.8407E-03  3.0172E-02  3.2465E-03  7.3109E-03  8.5096E-04 -4.6229E-04  4.2408E-02  1.2094E-02  3.3461E-03  1.8452E-04
  7.0795E-01  9.1137E-03  5.2924E-02  4.5259E-03  2.0850E-02  2.2651E-03  8.1037E-03  1.0364E-03  2.3148E-03  1.8811E-02  7.7616E-03  3.2065E-03  1.0614E-03
  7.9433E-01  2.0657E-03  1.7142E-02  1.4738E-03  1.0175E-02  9.8961E-04  5.7362E-03  6.3588E-04  2.9703E-03  5.7609E-03  3.5122E-03  2.0394E-03  1.1020E-03
  8.9125E-01  1.4407E-04  2.2706E-03  1.6260E-04  2.2311E-03  1.5591E-04  1.8910E-03  1.4072E-04  1.5034E-03  7.1466E-04  7.1008E-04  6.0861E-04  4.9010E-04


# Q =     2.0000
# x  F2Wp(LO) F2Wm(LO) F2Wp(NLO) F2Wm(NLO) F2Wp(NNLO) F2Wm(NNLO) F2Wp(N3LO) F2Wm(N3LO) F2Z(LO) F2Z(NLO) F2Z(NNLO) F2Z(N3LO)
  1.0000E-05  3.0649E+00  3.0652E+00  1.4962E-01  1.4989E-01 -4.1931E-01 -4.1916E-01  6.2895E-01  6.2891E-01  2.0740E+00  9.9025E-02 -2.7874E-01  4.1755E-01
  1.1220E-05  3.0053E+00  3.0057E+00  1.4588E-01  1.4617E-01 -4.1639E-01 -4.1624E-01  5.9010E-01  5.9006E-01  2.0338E+00  9.6551E-02 -2.7680E-01  3.9174E-01
  1.2589E-05  2.9468E+00  2.9472E+00  1.4216E-01  1.4248E-01 -4.1336E-01 -4.1320E-01  5.5291E-01  5.5287E-01  1.9942E+00  9.4095E-02 -2.7478E-01  3.6704E-01
  1.4125E-05  2.8893E+00  2.8897E+00  1.3848E-01  1.3882E-01 -4.1022E-01 -4.1005E-01  5.1733E-01  5.1729E-01  1.9554E+00  9.1659E-02 -2.7269E-01  3.4340E-01
  1.5849E-05  2.8329E+00  2.8333E+00  1.3482E-01  1.3519E-01 -4.0697E-01 -4.0679E-01  4.8332E-01  4.8328E-01  1.9173E+00  8.9242E-02 -2.7052E-01  3.2081E-01
  1.7783E-05  2.7775E+00  2.7780E+00  1.3119E-01  1.3158E-01 -4.0362E-01 -4.0343E-01  4.5084E-01  4.5079E-01  1.8799E+00  8.6844E-02 -2.6829E-01  2.9923E-01
  1.9953E-05  2.7231E+00  2.7237E+00  1.2758E-01  1.2801E-01 -4.0016E-01 -3.9996E-01  4.1984E-01  4.1979E-01  1.8431E+00  8.4465E-02 -2.6599E-01  2.7864E-01
  2.2387E-05  2.6697E+00  2.6703E+00  1.2401E-01  1.2447E-01 -3.9660E-01 -3.9639E-01  3.9028E-01  3.9022E-01  1.8070E+00  8.2106E-02 -2.6361E-01  2.5900E-01
  2.5119E-05  2.6173E+00  2.6180E+00  1.2046E-01  1.2097E-01 -3.9294E-01 -3.9272E-01  3.6211E-01  3.6206E-01  1.7716E+00  7.9767E-02 -2.6118E-01  2.4029E-01
  2.8184E-05  2.5659E+00  2.5666E+00  1.1695E-01  1.1749E-01 -3.8918E-01 -3.8894E-01  3.3530E-01  3.3525E-01  1.7369E+00  7.7448E-02 -2.5867E-01  2.2249E-01
  3.1623E-05  2.5155E+00  2.5162E+00  1.1346E-01  1.1404E-01 -3.8532E-01 -3.8508E-01  3.0981E-01  3.0975E-01  1.7028E+00  7.5148E-02 -2.5610E-01  2.0555E-01
  3.5481E-05  2.4659E+00  2.4668E+00  1.1000E-01  1.1063E-01 -3.8137E-01 -3.8111E-01  2.8558E-01  2.8552E-01  1.6693E+00  7.2869E-02 -2.5347E-01  1.8946E-01
  3.9811E-05  2.4174E+00  2.4183E+00  1.0657E-01  1.0725E-01 -3.7732E-01 -3.7705E-01  2.6259E-01  2.6253E-01  1.6365E+00  7.0609E-02 -2.5077E-01  1.7419E-01
  4.4668E-05  2.3697E+00  2.3707E+00  1.0317E-01  1.0390E-01 -3.7318E-01 -3.7290E-01  2.4079E-01  2.4072E-01  1.6043E+00  6.8370E-02 -2.4802E-01  1.5971E-01
  5.0119E-05  2.3229E+00  2.3240E+00  9.9794E-02  1.0058E-01 -3.6895E-01 -3.6865E-01  2.2014E-01  2.2007E-01  1.5727E+00  6.6150E-02 -2.4520E-01  1.4599E-01
  5.6234E-05  2.2771E+00  2.2783E+00  9.6448E-02  9.7296E-02 -3.6462E-01 -3.6432E-01  2.0061E-01  2.0053E-01  1.5417E+00  6.3951E-02 -2.4232E-01  1.3301E-01
  6.3096E-05  2.2321E+00  2.2334E+00  9.3130E-02  9.4044E-02 -3.6021E-01 -3.5989E-01  1.8214E-01  1.8207E-01  1.5113E+00  6.1771E-02 -2.3938E-01  1.2075E-01
  7.0795E-05  2.1880E+00  2.1894E+00  8.9840E-02  9.0823E-02 -3.5571E-01 -3.5538E-01  1.6472E-01  1.6464E-01  1.4815E+00  5.9610E-02 -2.3639E-01  1.0918E-01
  7.9433E-05  2.1448E+00  2.1463E+00  8.6577E-02  8.7635E-02 -3.5113E-01 -3.5077E-01  1.4829E-01  1.4821E-01  1.4522E+00  5.7470E-02 -2.3333E-01  9.8264E-02
  8.9125E-05  2.1024E+00  2.1040E+00  8.3341E-02  8.4479E-02 -3.4645E-01 -3.4609E-01  1.3282E-01  1.3274E-01  1.4236E+00  5.5348E-02 -2.3022E-01  8.7991E-02
  1.0000E-04  2.0608E+00  2.0626E+00  8.0132E-02  8.1354E-02 -3.4170E-01 -3.4131E-01  1.1828E-01  1.1819E-01  1.3955E+00  5.3246E-02 -2.2705E-01  7.8332E-02
  1.1220E-04  2.0201E+00  2.0220E+00  7.6948E-02  7.8261E-02 -3.3685E-01 -3.3645E-01  1.0463E-01  1.0453E-01  1.3679E+00  5.1163E-02 -2.2383E-01  6.9263E-02
  1.2589E-04  1.9801E+00  1.9823E+00  7.3790E-02  7.5200E-02 -3.3193E-01 -3.3151E-01  9.1825E-02  9.1731E-02  1.3409E+00  4.9098E-02 -2.2055E-01  6.0761E-02
  1.4125E-04  1.9410E+00  1.9433E+00  7.0656E-02  7.2170E-02 -3.2691E-01 -3.2648E-01  7.9843E-02  7.9747E-02  1.3145E+00  4.7051E-02 -2.1721E-01  5.2804E-02
  1.5849E-04  1.9026E+00  1.9052E+00  6.7547E-02  6.9170E-02 -3.2182E-01 -3.2138E-01  6.8646E-02  6.8547E-02  1.2886E+00  4.5023E-02 -2.1382E-01  4.5367E-02
  1.7783E-04  1.8650E+00  1.8679E+00  6.4460E-02  6.6201E-02 -3.1665E-01 -3.1618E-01  5.8199E-02  5.8098E-02  1.2632E+00  4.3011E-02 -2.1037E-01  3.8430E-02
  1.9953E-04  1.8282E+00  1.8313E+00  6.1396E-02  6.3262E-02 -3.1139E-01 -3.1091E-01  4.8471E-02  4.8367E-02  1.2383E+00  4.1017E-02 -2.0687E-01  3.1969E-02
  2.2387E-04  1.7922E+00  1.7955E+00  5.8354E-02  6.0351E-02 -3.0605E-01 -3.0556E-01  3.9429E-02  3.9323E-02  1.2139E+00  3.9039E-02 -2.0332E-01  2.5965E-02
  2.5119E-04  1.7568E+00  1.7605E+00  5.5332E-02  5.7469E-02 -3.0063E-01 -3.0012E-01  3.1042E-02  3.0933E-02  1.1901E+00  3.7077E-02 -1.9971E-01  2.0395E-02
  2.8184E-04  1.7222E+00  1.7262E+00  5.2329E-02  5.4615E-02 -2.9514E-01 -2.9461E-01  2.3279E-02  2.3167E-02  1.1667E+00  3.5130E-02 -1.9605E-01  1.5240E-02
  3.1623E-04  1.6883E+00  1.6927E+00  4.9344E-02  5.1787E-02 -2.8956E-01 -2.8902E-01  1.6109E-02  1.5996E-02  1.1438E+00  3.3198E-02 -1.9234E-01  1.0480E-02
  3.5481E-04  1.6551E+00  1.6599E+00  4.6377E-02  4.8986E-02 -2.8390E-01 -2.8334E-01  9.5047E-03  9.3891E-03  1.1214E+00  3.1279E-02 -1.8857E-01  6.0950E-03
  3.9811E-04  1.6226E+00  1.6278E+00  4.3425E-02  4.6209E-02 -2.7817E-01 -2.7759E-01  3.4368E-03  3.3193E-03  1.0995E+00  2.9374E-02 -1.8475E-01  2.0665E-03
  4.4668E-04  1.5908E+00  1.5965E+00  4.0487E-02  4.3456E-02 -2.7235E-01 -2.7176E-01 -2.1221E-03 -2.2412E-03  1.0781E+00  2.7480E-02 -1.8089E-01 -1.6238E-03
  5.0119E-04  1.5597E+00  1.5658E+00  3.7563E-02  4.0725E-02 -2.6646E-01 -2.6586E-01 -7.1985E-03 -7.3191E-03  1.0571E+00  2.5598E-02 -1.7696E-01 -4.9935E-03
  5.6234E-04  1.5292E+00  1.5359E+00  3.4649E-02  3.8015E-02 -2.6050E-01 -2.5987E-01 -1.1818E-02 -1.1940E-02  1.0366E+00  2.3726E-02 -1.7299E-01 -8.0596E-03
  6.3096E-04  1.4993E+00  1.5067E+00  3.1745E-02  3.5325E-02 -2.5445E-01 -2.5382E-01 -1.6006E-02 -1.6129E-02  1.0165E+00  2.1863E-02 -1.6897E-01 -1.0839E-02
  7.0795E-04  1.4701E+00  1.4781E+00  2.8849E-02  3.2652E-02 -2.4834E-01 -2.4769E-01 -1.9785E-02 -1.9909E-02  9.9690E-01  2.0008E-02 -1.6490E-01 -1.3347E-02
  7.9433E-04  1.4416E+00  1.4503E+00  2.5960E-02  2.9996E-02 -2.4215E-01 -2.4148E-01 -2.3180E-02 -2.3304E-02  9.7772E-01  1.8160E-02 -1.6078E-01 -1.5599E-02
  8.9125E-04  1.4136E+00  1.4231E+00  2.3075E-02  2.7353E-02 -2.3589E-01 -2.3521E-01 -2.6210E-02 -2.6335E-02  9.5897E-01  1.6317E-02 -1.5662E-01 -1.7609E-02
  1.0000E-03  1.3863E+00  1.3967E+00  2.0192E-02  2.4722E-02 -2.2956E-01 -2.2887E-01 -2.8899E-02 -2.9023E-02  9.4066E-01  1.4479E-02 -1.5240E-01 -1.9392E-02
  1.1220E-03  1.3595E+00  1.3709E+00  1.7310E-02  2.2101E-02 -2.2316E-01 -2.2246E-01 -3.1264E-02 -3.1387E-02  9.2277E-01  1.2643E-02 -1.4815E-01 -2.0960E-02
  1.2589E-03  1.3333E+00  1.3457E+00  1.4428E-02  1.9486E-02 -2.1670E-01 -2.1598E-01 -3.3325E-02 -3.3448E-02  9.0530E-01  1.0809E-02 -1.4385E-01 -2.2325E-02
  1.4125E-03  1.3078E+00  1.3213E+00  1.1542E-02  1.6877E-02 -2.1017E-01 -2.0945E-01 -3.5099E-02 -3.5221E-02  8.8825E-01  8.9748E-03 -1.3951E-01 -2.3501E-02
  1.5849E-03  1.2827E+00  1.2975E+00  8.6506E-03  1.4268E-02 -2.0359E-01 -2.0286E-01 -3.6604E-02 -3.6723E-02  8.7161E-01  7.1389E-03 -1.3513E-01 -2.4497E-02
  1.7783E-03  1.2583E+00  1.2743E+00  5.7527E-03  1.1658E-02 -1.9695E-01 -1.9621E-01 -3.7853E-02 -3.7970E-02  8.5538E-01  5.2997E-03 -1.3071E-01 -2.5323E-02
  1.9953E-03  1.2343E+00  1.2519E+00  2.8462E-03  9.0434E-03 -1.9026E-01 -1.8951E-01 -3.8863E-02 -3.8977E-02  8.3956E-01  3.4555E-03 -1.2627E-01 -2.5990E-02
  2.2387E-03  1.2110E+00  1.2301E+00 -7.0941E-05  6.4201E-03 -1.8353E-01 -1.8276E-01 -3.9646E-02 -3.9756E-02  8.2413E-01  1.6046E-03 -1.2179E-01 -2.6506E-02
  2.5119E-03  1.1881E+00  1.2090E+00 -3.0002E-03  3.7846E-03 -1.7676E-01 -1.7598E-01 -4.0214E-02 -4.0319E-02  8.0911E-01 -2.5473E-04 -1.1728E-01 -2.6879E-02
  2.8184E-03  1.1658E+00  1.1885E+00 -5.9432E-03  1.1330E-03 -1.6995E-01 -1.6916E-01 -4.0578E-02 -4.0678E-02  7.9448E-01 -2.1242E-03 -1.1275E-01 -2.7117E-02
  3.1623E-03  1.1439E+00  1.1687E+00 -8.9012E-03 -1.5390E-03 -1.6312E-01 -1.6232E-01 -4.0750E-02 -4.0844E-02  7.8024E-01 -4.0055E-03 -1.0821E-01 -2.7226E-02
  3.5481E-03  1.1226E+00  1.1497E+00 -1.1875E-02 -4.2357E-03 -1.5626E-01 -1.5545E-01 -4.0738E-02 -4.0824E-02  7.6639E-01 -5.9005E-03 -1.0365E-01 -2.7213E-02
  3.9811E-03  1.1017E+00  1.1313E+00 -1.4867E-02 -6.9620E-03 -1.4940E-01 -1.4858E-01 -4.0551E-02 -4.0628E-02  7.5294E-01 -7.8107E-03 -9.9083E-02 -2.7083E-02
  4.4668E-03  1.0814E+00  1.1136E+00 -1.7875E-02 -9.7226E-03 -1.4254E-01 -1.4170E-01 -4.0197E-02 -4.0263E-02  7.3987E-01 -9.7377E-03 -9.4516E-02 -2.6842E-02
  5.0119E-03  1.0615E+00  1.0966E+00 -2.0901E-02 -1.2522E-02 -1.3569E-01 -1.3483E-01 -3.9682E-02 -3.9737E-02  7.2718E-01 -1.1683E-02 -8.9956E-02 -2.6494E-02
  5.6234E-03  1.0420E+00  1.0803E+00 -2.3944E-02 -1.5367E-02 -1.2885E-01 -1.2798E-01 -3.9015E-02 -3.9055E-02  7.1487E-01 -1.3648E-02 -8.5409E-02 -2.6044E-02
  6.3096E-03  1.0230E+00  1.0647E+00 -2.7002E-02 -1.8261E-02 -1.2205E-01 -1.2115E-01 -3.8200E-02 -3.8223E-02  7.0295E-01 -1.5633E-02 -8.0883E-02 -2.5495E-02
  7.0795E-03  1.0044E+00  1.0499E+00 -3.0074E-02 -2.1210E-02 -1.1530E-01 -1.1438E-01 -3.7244E-02 -3.7247E-02  6.9141E-01 -1.7640E-02 -7.6388E-02 -2.4852E-02
  7.9433E-03  9.8630E-01  1.0358E+00 -3.3157E-02 -2.4219E-02 -1.0861E-01 -1.0766E-01 -3.6152E-02 -3.6133E-02  6.8025E-01 -1.9669E-02 -7.1933E-02 -2.4118E-02
  8.9125E-03  9.6855E-01  1.0225E+00 -3.6246E-02 -2.7292E-02 -1.0200E-01 -1.0101E-01 -3.4931E-02 -3.4886E-02  6.6946E-01 -2.1719E-02 -6.7529E-02 -2.3297E-02
  1.0000E-02  9.5119E-01  1.0099E+00 -3.9337E-02 -3.0435E-02 -9.5478E-02 -9.4457E-02 -3.3586E-02 -3.3512E-02  6.5905E-01 -2.3790E-02 -6.3185E-02 -2.2392E-02
  1.1220E-02  9.3421E-01  9.9814E-01 -4.2422E-02 -3.3652E-02 -8.9071E-02 -8.8008E-02 -3.2124E-02 -3.2015E-02  6.4900E-01 -2.5880E-02 -5.8915E-02 -2.1409E-02
  1.2589E-02  9.1757E-01  9.8716E-01 -4.5492E-02 -3.6944E-02 -8.2794E-02 -8.1686E-02 -3.0553E-02 -3.0404E-02  6.3932E-01 -2.7987E-02 -5.4730E-02 -2.0352E-02
  1.4125E-02  9.0127E-01  9.7697E-01 -4.8537E-02 -4.0314E-02 -7.6668E-02 -7.5509E-02 -2.8880E-02 -2.8686E-02  6.3001E-01 -3.0107E-02 -5.0645E-02 -1.9225E-02
  1.5849E-02  8.8527E-01  9.6760E-01 -5.1544E-02 -4.3763E-02 -7.0714E-02 -6.9500E-02 -2.7114E-02 -2.6869E-02  6.2104E-01 -3.2236E-02 -4.6672E-02 -1.8036E-02
  1.7783E-02  8.6954E-01  9.5905E-01 -5.4495E-02 -4.7287E-02 -6.4953E-02 -6.3681E-02 -2.5266E-02 -2.4962E-02  6.1242E-01 -3.4365E-02 -4.2827E-02 -1.6789E-02
  1.9953E-02  8.5406E-01  9.5132E-01 -5.7372E-02 -5.0884E-02 -5.9408E-02 -5.8075E-02 -2.3349E-02 -2.2977E-02  6.0412E-01 -3.6488E-02 -3.9125E-02 -1.5495E-02
  2.2387E-02  8.3877E-01  9.4440E-01 -6.0152E-02 -5.4545E-02 -5.4102E-02 -5.2706E-02 -2.1375E-02 -2.0928E-02  5.9614E-01 -3.8592E-02 -3.5581E-02 -1.4160E-02
  2.5119E-02  8.2365E-01  9.3828E-01 -6.2807E-02 -5.8258E-02 -4.9057E-02 -4.7600E-02 -1.9360E-02 -1.8829E-02  5.8845E-01 -4.0663E-02 -3.2212E-02 -1.2796E-02
  2.8184E-02  8.0862E-01  9.3295E-01 -6.5305E-02 -6.2006E-02 -4.4298E-02 -4.2784E-02 -1.7323E-02 -1.6697E-02  5.8103E-01 -4.2686E-02 -2.9033E-02 -1.1414E-02
  3.1623E-02  7.9363E-01  9.2836E-01 -6.7609E-02 -6.5767E-02 -3.9845E-02 -3.8282E-02 -1.5283E-02 -1.4552E-02  5.7384E-01 -4.4638E-02 -2.6061E-02 -1.0028E-02
  3.5481E-02  7.7860E-01  9.2449E-01 -6.9677E-02 -6.9511E-02 -3.5722E-02 -3.4122E-02 -1.3262E-02 -1.2416E-02  5.6683E-01 -4.6496E-02 -2.3311E-02 -8.6512E-03
  3.9811E-02  7.6345E-01  9.2124E-01 -7.1460E-02 -7.3198E-02 -3.1946E-02 -3.0330E-02 -1.1285E-02 -1.0314E-02  5.5997E-01 -4.8229E-02 -2.0799E-02 -7.3009E-03
  4.4668E-02  7.4808E-01  9.1855E-01 -7.2903E-02 -7.6780E-02 -2.8535E-02 -2.6930E-02 -9.3773E-03 -8.2728E-03  5.5317E-01 -4.9802E-02 -1.8537E-02 -5.9945E-03
  5.0119E-02  7.3237E-01  9.1630E-01 -7.3945E-02 -8.0196E-02 -2.5501E-02 -2.3946E-02 -7.5678E-03 -6.3222E-03  5.4637E-01 -5.1175E-02 -1.6536E-02 -4.7510E-03
  5.6234E-02  7.1618E-01  9.1432E-01 -7.4519E-02 -8.3372E-02 -2.2853E-02 -2.1398E-02 -5.8850E-03 -4.4938E-03  5.3947E-01 -5.2301E-02 -1.4807E-02 -3.5906E-03
  6.3096E-02  6.9937E-01  9.1244E-01 -7.4554E-02 -8.6220E-02 -2.0592E-02 -1.9301E-02 -4.3584E-03 -2.8213E-03  5.3235E-01 -5.3128E-02 -1.3353E-02 -2.5337E-03
  7.0795E-02  6.8175E-01  9.1042E-01 -7.3973E-02 -8.8634E-02 -1.8713E-02 -1.7666E-02 -3.0167E-03 -1.3392E-03  5.2489E-01 -5.3595E-02 -1.2176E-02 -1.6013E-03
  7.9433E-02  6.6313E-01  9.0795E-01 -7.2698E-02 -9.0491E-02 -1.7200E-02 -1.6494E-02 -1.8868E-03 -8.2466E-05  5.1691E-01 -5.3639E-02 -1.1271E-02 -8.1335E-04
  8.9125E-02  6.4328E-01  9.0469E-01 -7.0654E-02 -9.1651E-02 -1.6028E-02 -1.5778E-02 -9.9192E-04  9.1500E-04  5.0823E-01 -5.3189E-02 -1.0624E-02 -1.8839E-04
  1.0000E-01  6.2197E-01  9.0019E-01 -6.7767E-02 -9.1953E-02 -1.5156E-02 -1.5498E-02 -3.4979E-04  1.6219E-03  4.9863E-01 -5.2172E-02 -1.0216E-02  2.5797E-04
  1.1220E-01  5.9892E-01  8.9394E-01 -6.3978E-02 -9.1222E-02 -1.4533E-02 -1.5617E-02  2.9645E-05  2.0116E-03  4.8787E-01 -5.0516E-02 -1.0016E-02  5.1440E-04
  1.2589E-01  5.7388E-01  8.8532E-01 -5.9243E-02 -8.9271E-02 -1.4091E-02 -1.6079E-02  1.4685E-04  2.0645E-03  4.7567E-01 -4.8149E-02 -9.9822E-03  5.7551E-04
  1.4125E-01  5.4655E-01  8.7364E-01 -5.3548E-02 -8.5905E-02 -1.3748E-02 -1.6806E-02  1.5354E-05  1.7714E-03  4.6171E-01 -4.5011E-02 -1.0061E-02  4.4385E-04
  1.5849E-01  5.1668E-01  8.5807E-01 -4.6913E-02 -8.0934E-02 -1.3410E-02 -1.7692E-02 -3.3571E-04  1.1373E-03  4.4566E-01 -4.1056E-02 -1.0188E-02  1.3185E-04
  1.7783E-01  4.8402E-01  8.3773E-01 -3.9413E-02 -7.4190E-02 -1.2974E-02 -1.8604E-02 -8.5950E-04  1.8551E-04  4.2719E-01 -3.6262E-02 -1.0283E-02 -3.3604E-04
  1.9953E-01  4.4842E-01  8.1165E-01 -3.1183E-02 -6.5548E-02 -1.2332E-02 -1.9374E-02 -1.4904E-03 -1.0369E-03  4.0594E-01 -3.0647E-02 -1.0259E-02 -9.2155E-04
  2.2387E-01  4.0979E-01  7.7880E-01 -2.2438E-02 -5.4959E-02 -1.1384E-02 -1.9807E-02 -2.1449E-03 -2.4539E-03  3.8160E-01 -2.4278E-02 -1.0023E-02 -1.5713E-03
  2.5119E-01  3.6821E-01  7.3822E-01 -1.3484E-02 -4.2491E-02 -1.0048E-02 -1.9683E-02 -2.7247E-03 -3.9555E-03  3.5392E-01 -1.7289E-02 -9.4785E-03 -2.2168E-03
  2.8184E-01  3.2397E-01  6.8902E-01 -4.7174E-03 -2.8382E-02 -8.2790E-03 -1.8770E-02 -3.1245E-03 -5.3930E-03  3.2275E-01 -9.9008E-03 -8.5437E-03 -2.7755E-03
  3.1623E-01  2.7763E-01  6.3060E-01  3.3717E-03 -1.3097E-02 -6.0905E-03 -1.6851E-02 -3.2437E-03 -6.5791E-03  2.8815E-01 -2.4316E-03 -7.1606E-03 -3.1558E-03
  3.5481E-01  2.3008E-01  5.6280E-01  1.0229E-02  2.6071E-03 -3.5733E-03 -1.3764E-02 -3.0054E-03 -7.2934E-03  2.5040E-01  4.6909E-03 -5.3170E-03 -3.2655E-03
  3.9811E-01  1.8261E-01  4.8615E-01  1.5284E-02  1.7636E-02 -9.1567E-04 -9.4647E-03 -2.3801E-03 -7.3015E-03  2.1014E-01  1.0936E-02 -3.0712E-03 -3.0260E-03
  4.4668E-01  1.3693E-01  4.0219E-01  1.8038E-02  3.0554E-02  1.5920E-03 -4.1148E-03 -1.4135E-03 -6.3955E-03  1.6847E-01  1.5704E-02 -5.7886E-04 -2.3946E-03
  5.0119E-01  9.5079E-02  3.1381E-01  1.8196E-02  3.9668E-02  3.5787E-03  1.8168E-03 -2.5107E-04 -4.4668E-03  1.2699E-01  1.8392E-02  1.8853E-03 -1.3947E-03
  5.6234E-01  5.9257E-02  2.2550E-01  1.5830E-02  4.3267E-02  4.6605E-03  7.4577E-03  8.5520E-04 -1.6227E-03  8.7831E-02  1.8534E-02  3.9250E-03 -1.5162E-04
  6.3096E-01  3.1463E-02  1.4341E-01  1.1540E-02  4.0125E-02  4.5733E-03  1.1517E-02  1.5831E-03  1.6568E-03  5.3515E-02  1.6002E-02  5.0676E-03  1.0749E-03
  7.0795E-01  1.2904E-02  7.4935E-02  6.5235E-03  3.0321E-02  3.3687E-03  1.2496E-02  1.6544E-03  4.3738E-03  2.6635E-02  1.1265E-02  4.8980E-03  1.8916E-03
  7.9433E-01  3.2817E-03  2.7232E-02  2.3605E-03  1.6357E-02  1.6037E-03  9.4063E-03  1.0512E-03  5.0758E-03  9.1521E-03  5.6429E-03  3.3371E-03  1.8699E-03
  8.9125E-01  2.5680E-04  4.0474E-03  2.9058E-04  3.9911E-03  2.7947E-04  3.3990E-03  2.5328E-04  2.7218E-03  1.2739E-03  1.2701E-03  1.0937E-03  8.8673E-04


# Q =     2.0000
# x  F3Wp(LO) F3Wm(LO) F3Wp(NLO) F3Wm(NLO) F3Wp(NNLO) F3Wm(NNLO) F3Wp(N3LO) F3Wm(N3LO) F3Z(LO) F3Z(NLO) F3Z(NNLO) F3Z(N3LO)
  1.0000E-05  4.5482E+04 -4.5335E+04 -4.3083E+03  4.3729E+03 -1.3596E+03  1.3813E+03 -5.3133E+02  5.4947E+02  3.8226E+01  1.6556E+01  5.5053E+00  5.1025E+00
  1.1220E-05  3.9826E+04 -3.9684E+04 -3.7700E+03  3.8320E+03 -1.1903E+03  1.2103E+03 -4.6537E+02  4.8132E+02  3.6936E+01  1.5880E+01  5.0804E+00  4.4892E+00
  1.2589E-05  3.4870E+04 -3.4733E+04 -3.2985E+03  3.3579E+03 -1.0420E+03  1.0604E+03 -4.0759E+02  4.2154E+02  3.5692E+01  1.5226E+01  4.6806E+00  3.9290E+00
  1.4125E-05  3.0528E+04 -3.0396E+04 -2.8854E+03  2.9424E+03 -9.1203E+02  9.2903E+02 -3.5699E+02  3.6911E+02  3.4494E+01  1.4593E+01  4.3050E+00  3.4184E+00
  1.5849E-05  2.6724E+04 -2.6596E+04 -2.5236E+03  2.5782E+03 -7.9821E+02  8.1382E+02 -3.1267E+02  3.2312E+02  3.3339E+01  1.3981E+01  3.9522E+00  2.9539E+00
  1.7783E-05  2.3392E+04 -2.3268E+04 -2.2068E+03  2.2591E+03 -6.9851E+02  7.1283E+02 -2.7385E+02  2.8280E+02  3.2226E+01  1.3389E+01  3.6214E+00  2.5323E+00
  1.9953E-05  2.0473E+04 -2.0354E+04 -1.9294E+03  1.9794E+03 -6.1120E+02  6.2430E+02 -2.3986E+02  2.4745E+02  3.1154E+01  1.2817E+01  3.3115E+00  2.1507E+00
  2.2387E-05  1.7917E+04 -1.7802E+04 -1.6865E+03  1.7344E+03 -5.3474E+02  5.4670E+02 -2.1010E+02  2.1646E+02  3.0121E+01  1.2263E+01  3.0214E+00  1.8062E+00
  2.5119E-05  1.5679E+04 -1.5567E+04 -1.4739E+03  1.5197E+03 -4.6780E+02  4.7869E+02 -1.8404E+02  1.8929E+02  2.9125E+01  1.1727E+01  2.7502E+00  1.4960E+00
  2.8184E-05  1.3719E+04 -1.3610E+04 -1.2878E+03  1.3316E+03 -4.0919E+02  4.1909E+02 -1.6122E+02  1.6548E+02  2.8166E+01  1.1209E+01  2.4970E+00  1.2176E+00
  3.1623E-05  1.2002E+04 -1.1898E+04 -1.1250E+03  1.1668E+03 -3.5789E+02  3.6685E+02 -1.4124E+02  1.4462E+02  2.7241E+01  1.0708E+01  2.2610E+00  9.6859E-01
  3.5481E-05  1.0500E+04 -1.0398E+04 -9.8250E+02  1.0224E+03 -3.1298E+02  3.2109E+02 -1.2375E+02  1.2634E+02  2.6350E+01  1.0223E+01  2.0412E+00  7.4675E-01
  3.9811E-05  9.1845E+03 -9.0864E+03 -8.5785E+02  8.9598E+02 -2.7368E+02  2.8098E+02 -1.0844E+02  1.1033E+02  2.5492E+01  9.7545E+00  1.8368E+00  5.4992E-01
  4.4668E-05  8.0332E+03 -7.9383E+03 -7.4883E+02  7.8519E+02 -2.3930E+02  2.4585E+02 -9.5041E+01  9.6305E+01  2.4664E+01  9.3015E+00  1.6470E+00  3.7611E-01
  5.0119E-05  7.0257E+03 -6.9338E+03 -6.5349E+02  6.8814E+02 -2.0921E+02  2.1507E+02 -8.3306E+01  8.4028E+01  2.3866E+01  8.8635E+00  1.4711E+00  2.2343E-01
  5.6234E-05  6.1440E+03 -6.0550E+03 -5.7013E+02  6.0313E+02 -1.8289E+02  1.8811E+02 -7.3034E+01  7.3281E+01  2.3097E+01  8.4402E+00  1.3083E+00  9.0130E-02
  6.3096E-05  5.3725E+03 -5.2863E+03 -4.9726E+02  5.2867E+02 -1.5987E+02  1.6449E+02 -6.4040E+01  6.3877E+01  2.2356E+01  8.0310E+00  1.1579E+00 -2.5456E-02
  7.0795E-05  4.6975E+03 -4.6141E+03 -4.3357E+02  4.6344E+02 -1.3973E+02  1.4381E+02 -5.6165E+01  5.5650E+01  2.1641E+01  7.6356E+00  1.0193E+00 -1.2487E-01
  7.9433E-05  4.1070E+03 -4.0262E+03 -3.7793E+02  4.0631E+02 -1.2212E+02  1.2570E+02 -4.9270E+01  4.8454E+01  2.0952E+01  7.2536E+00  8.9169E-01 -2.0957E-01
  8.9125E-05  3.5905E+03 -3.5123E+03 -3.2932E+02  3.5626E+02 -1.0672E+02  1.0984E+02 -4.3232E+01  4.2164E+01  2.0288E+01  6.8845E+00  7.7457E-01 -2.8090E-01
  1.0000E-04  3.1388E+03 -3.0630E+03 -2.8686E+02  3.1242E+02 -9.3264E+01  9.5953E+01 -3.7944E+01  3.6666E+01  1.9648E+01  6.5280E+00  6.6730E-01 -3.4012E-01
  1.1220E-04  2.7438E+03 -2.6703E+03 -2.4980E+02  2.7401E+02 -8.1498E+01  8.3799E+01 -3.3312E+01  3.1864E+01  1.9030E+01  6.1838E+00  5.6928E-01 -3.8841E-01
  1.2589E-04  2.3983E+03 -2.3272E+03 -2.1744E+02  2.4036E+02 -7.1213E+01  7.3160E+01 -2.9254E+01  2.7670E+01  1.8434E+01  5.8515E+00  4.7997E-01 -4.2688E-01
  1.4125E-04  2.0963E+03 -2.0274E+03 -1.8921E+02  2.1088E+02 -6.2225E+01  6.3851E+01 -2.5698E+01  2.4011E+01  1.7859E+01  5.5307E+00  3.9883E-01 -4.5652E-01
  1.5849E-04  1.8323E+03 -1.7655E+03 -1.6459E+02  1.8505E+02 -5.4370E+01  5.5705E+01 -2.2581E+01  2.0818E+01  1.7305E+01  5.2212E+00  3.2535E-01 -4.7830E-01
  1.7783E-04  1.6015E+03 -1.5367E+03 -1.4311E+02  1.6241E+02 -4.7507E+01  4.8578E+01 -1.9849E+01  1.8035E+01  1.6770E+01  4.9226E+00  2.5903E-01 -4.9308E-01
  1.9953E-04  1.3998E+03 -1.3370E+03 -1.2439E+02  1.4257E+02 -4.1511E+01  4.2345E+01 -1.7453E+01  1.5611E+01  1.6254E+01  4.6347E+00  1.9941E-01 -5.0168E-01
  2.2387E-04  1.2235E+03 -1.1626E+03 -1.0808E+02  1.2517E+02 -3.6273E+01  3.6895E+01 -1.5351E+01  1.3499E+01  1.5755E+01  4.3571E+00  1.4603E-01 -5.0485E-01
  2.5119E-04  1.0695E+03 -1.0105E+03 -9.3869E+01  1.0992E+02 -3.1697E+01  3.2129E+01 -1.3507E+01  1.1662E+01  1.5274E+01  4.0896E+00  9.8460E-02 -5.0326E-01
  2.8184E-04  9.3493E+02 -8.7767E+02 -8.1498E+01  9.6544E+01 -2.7701E+01  2.7964E+01 -1.1888E+01  1.0065E+01  1.4810E+01  3.8319E+00  5.6295E-02 -4.9756E-01
  3.1623E-04  8.1736E+02 -7.6183E+02 -7.0732E+01  8.4811E+01 -2.4210E+01  2.4325E+01 -1.0466E+01  8.6780E+00  1.4361E+01  3.5837E+00  1.9138E-02 -4.8833E-01
  3.5481E-04  7.1466E+02 -6.6079E+02 -6.1368E+01  7.4516E+01 -2.1161E+01  2.1146E+01 -9.2164E+00  7.4739E+00  1.3928E+01  3.3448E+00 -1.3385E-02 -4.7610E-01
  3.9811E-04  6.2496E+02 -5.7269E+02 -5.3227E+01  6.5478E+01 -1.8499E+01  1.8370E+01 -8.1182E+00  6.4299E+00  1.3509E+01  3.1150E+00 -4.1631E-02 -4.6136E-01
  4.4668E-04  5.4661E+02 -4.9591E+02 -4.6153E+01  5.7543E+01 -1.6173E+01  1.5947E+01 -7.1523E+00  5.5255E+00  1.3105E+01  2.8940E+00 -6.5941E-02 -4.4455E-01
  5.0119E-04  4.7819E+02 -4.2899E+02 -4.0011E+01  5.0572E+01 -1.4143E+01  1.3832E+01 -6.3023E+00  4.7430E+00  1.2714E+01  2.6816E+00 -8.6639E-02 -4.2607E-01
  5.6234E-04  4.1845E+02 -3.7070E+02 -3.4680E+01  4.4446E+01 -1.2369E+01  1.1988E+01 -5.5540E+00  4.0668E+00  1.2336E+01  2.4776E+00 -1.0403E-01 -4.0628E-01
  6.3096E-04  3.6628E+02 -3.1994E+02 -3.0057E+01  3.9059E+01 -1.0820E+01  1.0380E+01 -4.8948E+00  3.4831E+00  1.1970E+01  2.2817E+00 -1.1841E-01 -3.8552E-01
  7.0795E-04  3.2074E+02 -2.7576E+02 -2.6051E+01  3.4320E+01 -9.4673E+00  8.9795E+00 -4.3137E+00  2.9800E+00  1.1616E+01  2.0938E+00 -1.3006E-01 -3.6408E-01
  7.9433E-04  2.8097E+02 -2.3731E+02 -2.2581E+01  3.0148E+01 -8.2856E+00  7.7598E+00 -3.8012E+00  2.5469E+00  1.1274E+01  1.9137E+00 -1.3923E-01 -3.4222E-01
  8.9125E-04  2.4625E+02 -2.0387E+02 -1.9580E+01  2.6473E+01 -7.2532E+00  6.6982E+00 -3.3490E+00  2.1747E+00  1.0942E+01  1.7412E+00 -1.4618E-01 -3.2018E-01
  1.0000E-03  2.1594E+02 -1.7480E+02 -1.6985E+01  2.3234E+01 -6.3513E+00  5.7750E+00 -2.9497E+00  1.8553E+00  1.0621E+01  1.5761E+00 -1.5113E-01 -2.9817E-01
  1.1220E-03  1.8948E+02 -1.4954E+02 -1.4743E+01  2.0376E+01 -5.5632E+00  4.9727E+00 -2.5970E+00  1.5818E+00  1.0310E+01  1.4182E+00 -1.5432E-01 -2.7636E-01
  1.2589E-03  1.6638E+02 -1.2761E+02 -1.2810E+01  1.7854E+01 -4.8744E+00  4.2760E+00 -2.2853E+00  1.3479E+00  1.0009E+01  1.2674E+00 -1.5594E-01 -2.5491E-01
  1.4125E-03  1.4621E+02 -1.0856E+02 -1.1143E+01  1.5625E+01 -4.2724E+00  3.6715E+00 -2.0097E+00  1.1482E+00  9.7164E+00  1.1235E+00 -1.5620E-01 -2.3397E-01
  1.5849E-03  1.2860E+02 -9.2048E+01 -9.7079E+00  1.3654E+01 -3.7460E+00  3.1475E+00 -1.7659E+00  9.7820E-01  9.4329E+00  9.8635E-01 -1.5527E-01 -2.1365E-01
  1.7783E-03  1.1323E+02 -7.7733E+01 -8.4738E+00  1.1910E+01 -3.2858E+00  2.6936E+00 -1.5501E+00  8.3366E-01  9.1578E+00  8.5577E-01 -1.5333E-01 -1.9404E-01
  1.9953E-03  9.9796E+01 -6.5334E+01 -7.4137E+00  1.0364E+01 -2.8833E+00  2.3009E+00 -1.3592E+00  7.1106E-01  8.8906E+00  7.3164E-01 -1.5054E-01 -1.7524E-01
  2.2387E-03  8.8064E+01 -5.4605E+01 -6.5042E+00  8.9942E+00 -2.5311E+00  1.9615E+00 -1.1903E+00  6.0729E-01  8.6311E+00  6.1381E-01 -1.4705E-01 -1.5731E-01
  2.5119E-03  7.7814E+01 -4.5329E+01 -5.7249E+00  7.7781E+00 -2.2230E+00  1.6685E+00 -1.0407E+00  5.1964E-01  8.3788E+00  5.0216E-01 -1.4298E-01 -1.4029E-01
  2.8184E-03  6.8855E+01 -3.7319E+01 -5.0580E+00  6.6979E+00 -1.9534E+00  1.4157E+00 -9.0838E-01  4.4576E-01  8.1334E+00  3.9654E-01 -1.3849E-01 -1.2423E-01
  3.1623E-03  6.1023E+01 -3.0410E+01 -4.4880E+00  5.7375E+00 -1.7175E+00  1.1980E+00 -7.9132E-01  3.8362E-01  7.8946E+00  2.9685E-01 -1.3367E-01 -1.0916E-01
  3.5481E-03  5.4173E+01 -2.4458E+01 -4.0014E+00  4.8829E+00 -1.5110E+00  1.0107E+00 -6.8783E-01  3.3144E-01  7.6620E+00  2.0296E-01 -1.2864E-01 -9.5093E-02
  3.9811E-03  4.8178E+01 -1.9340E+01 -3.5864E+00  4.1220E+00 -1.3302E+00  8.4967E-01 -5.9640E-01  2.8769E-01  7.4353E+00  1.1475E-01 -1.2350E-01 -8.2037E-02
  4.4668E-03  4.2929E+01 -1.4945E+01 -3.2328E+00  3.4441E+00 -1.1720E+00  7.1138E-01 -5.1571E-01  2.5105E-01  7.2142E+00  3.2117E-02 -1.1833E-01 -6.9993E-02
  5.0119E-03  3.8330E+01 -1.1180E+01 -2.9317E+00  2.8400E+00 -1.0336E+00  5.9273E-01 -4.4458E-01  2.2037E-01  6.9984E+00 -4.5038E-02 -1.1323E-01 -5.8951E-02
  5.6234E-03  3.4297E+01 -7.9622E+00 -2.6754E+00  2.3013E+00 -9.1253E-01  4.9100E-01 -3.8199E-01  1.9467E-01  6.7876E+00 -1.1682E-01 -1.0825E-01 -4.8897E-02
  6.3096E-03  3.0757E+01 -5.2190E+00 -2.4570E+00  1.8211E+00 -8.0667E-01  4.0380E-01 -3.2702E-01  1.7311E-01  6.5815E+00 -1.8331E-01 -1.0347E-01 -3.9811E-02
  7.0795E-03  2.7647E+01 -2.8883E+00 -2.2708E+00  1.3932E+00 -7.1418E-01  3.2907E-01 -2.7885E-01  1.5497E-01  6.3797E+00 -2.4461E-01 -9.8942E-02 -3.1665E-02
  7.9433E-03  2.4911E+01 -9.1566E-01 -2.1117E+00  1.0122E+00 -6.3346E-01  2.6499E-01 -2.3676E-01  1.3961E-01  6.1820E+00 -3.0080E-01 -9.4714E-02 -2.4431E-02
  8.9125E-03  2.2500E+01  7.4625E-01 -1.9753E+00  6.7321E-01 -5.6308E-01  2.0999E-01 -2.0011E-01  1.2653E-01  5.9881E+00 -3.5196E-01 -9.0829E-02 -1.8074E-02
  1.0000E-02  2.0372E+01  2.1385E+00 -1.8578E+00  3.7228E-01 -5.0182E-01  1.6268E-01 -1.6832E-01  1.1528E-01  5.7978E+00 -3.9816E-01 -8.7320E-02 -1.2559E-02
  1.1220E-02  1.8492E+01  3.2969E+00 -1.7557E+00  1.0576E-01 -4.4859E-01  1.2189E-01 -1.4088E-01  1.0547E-01  5.6106E+00 -4.3947E-01 -8.4213E-02 -7.8446E-03
  1.2589E-02  1.6825E+01  4.2523E+00 -1.6663E+00 -1.2949E-01 -4.0245E-01  8.6574E-02 -1.1734E-01  9.6793E-02  5.4264E+00 -4.7596E-01 -8.1528E-02 -3.8915E-03
  1.4125E-02  1.5345E+01  5.0318E+00 -1.5872E+00 -3.3619E-01 -3.6255E-01  5.5846E-02 -9.7268E-02  8.8982E-02  5.2449E+00 -5.0770E-01 -7.9276E-02 -6.5694E-04
  1.5849E-02  1.4027E+01  5.6584E+00 -1.5160E+00 -5.1674E-01 -3.2817E-01  2.8937E-02 -8.0306E-02  8.1819E-02  5.0657E+00 -5.3474E-01 -7.7463E-02  1.9025E-03
  1.7783E-02  1.2851E+01  6.1526E+00 -1.4510E+00 -6.7322E-01 -2.9865E-01  5.1945E-03 -6.6115E-02  7.5121E-02  4.8886E+00 -5.5714E-01 -7.6087E-02  3.8305E-03
  1.9953E-02  1.1796E+01  6.5316E+00 -1.3906E+00 -8.0745E-01 -2.7340E-01 -1.5938E-02 -5.4394E-02  6.8741E-02  4.7134E+00 -5.7497E-01 -7.5137E-02  5.1713E-03
  2.2387E-02  1.0848E+01  6.8106E+00 -1.3334E+00 -9.2101E-01 -2.5190E-01 -3.4929E-02 -4.4867E-02  6.2559E-02  4.5396E+00 -5.8829E-01 -7.4597E-02  5.9688E-03
  2.5119E-02  9.9913E+00  7.0027E+00 -1.2783E+00 -1.0153E+00 -2.3367E-01 -5.2164E-02 -3.7287E-02  5.6479E-02  4.3671E+00 -5.9714E-01 -7.4441E-02  6.2669E-03
  2.8184E-02  9.2148E+00  7.1191E+00 -1.2242E+00 -1.0915E+00 -2.1830E-01 -6.7958E-02 -3.1425E-02  5.0427E-02  4.1956E+00 -6.0161E-01 -7.4638E-02  6.1089E-03
  3.1623E-02  8.5075E+00  7.1693E+00 -1.1704E+00 -1.1508E+00 -2.0538E-01 -8.2559E-02 -2.7076E-02  4.4345E-02  4.0249E+00 -6.0175E-01 -7.5146E-02  5.5380E-03
  3.5481E-02  7.8599E+00  7.1618E+00 -1.1162E+00 -1.1940E+00 -1.9454E-01 -9.6157E-02 -2.4047E-02  3.8194E-02  3.8545E+00 -5.9765E-01 -7.5916E-02  4.5966E-03
  3.9811E-02  7.2639E+00  7.1038E+00 -1.0610E+00 -1.2222E+00 -1.8544E-01 -1.0888E-01 -2.2163E-02  3.1945E-02  3.6844E+00 -5.8939E-01 -7.6889E-02  3.3273E-03
  4.4668E-02  6.7126E+00  7.0012E+00 -1.0045E+00 -1.2359E+00 -1.7777E-01 -1.2081E-01 -2.1260E-02  2.5583E-02  3.5142E+00 -5.7708E-01 -7.7999E-02  1.7723E-03
  5.0119E-02  6.1997E+00  6.8594E+00 -9.4627E-01 -1.2360E+00 -1.7119E-01 -1.3197E-01 -2.1183E-02  1.9105E-02  3.3438E+00 -5.6085E-01 -7.9170E-02 -2.5480E-05
  5.6234E-02  5.7200E+00  6.6829E+00 -8.8621E-01 -1.2232E+00 -1.6543E-01 -1.4235E-01 -2.1786E-02  1.2516E-02  3.1730E+00 -5.4083E-01 -8.0317E-02 -2.0226E-03
  6.3096E-02  5.2689E+00  6.4755E+00 -8.2424E-01 -1.1982E+00 -1.6018E-01 -1.5188E-01 -2.2929E-02  5.8360E-03  3.0015E+00 -5.1721E-01 -8.1345E-02 -4.1740E-03
  7.0795E-02  4.8426E+00  6.2407E+00 -7.6042E-01 -1.1616E+00 -1.5518E-01 -1.6045E-01 -2.4474E-02 -9.0546E-04  2.8294E+00 -4.9019E-01 -8.2155E-02 -6.4327E-03
  7.9433E-02  4.4379E+00  5.9813E+00 -6.9494E-01 -1.1143E+00 -1.5016E-01 -1.6792E-01 -2.6286E-02 -7.6651E-03  2.6564E+00 -4.6003E-01 -8.2636E-02 -8.7488E-03
  8.9125E-02  4.0519E+00  5.7000E+00 -6.2809E-01 -1.0569E+00 -1.4486E-01 -1.7411E-01 -2.8231E-02 -1.4385E-02  2.4827E+00 -4.2702E-01 -8.2675E-02 -1.1069E-02
  1.0000E-01  3.6826E+00  5.3991E+00 -5.6029E-01 -9.9029E-01 -1.3904E-01 -1.7880E-01 -3.0172E-02 -2.0991E-02  2.3083E+00 -3.9152E-01 -8.2157E-02 -1.3334E-02
  1.1220E-01  3.3284E+00  5.0807E+00 -4.9210E-01 -9.1551E-01 -1.3250E-01 -1.8174E-01 -3.1973E-02 -2.7390E-02  2.1334E+00 -3.5395E-01 -8.0967E-02 -1.5483E-02
  1.2589E-01  2.9881E+00  4.7471E+00 -4.2419E-01 -8.3363E-01 -1.2505E-01 -1.8269E-01 -3.3496E-02 -3.3465E-02  1.9583E+00 -3.1480E-01 -7.8995E-02 -1.7446E-02
  1.4125E-01  2.6609E+00  4.4003E+00 -3.5739E-01 -7.4589E-01 -1.1656E-01 -1.8136E-01 -3.4605E-02 -3.9080E-02  1.7834E+00 -2.7461E-01 -7.6145E-02 -1.9151E-02
  1.5849E-01  2.3469E+00  4.0425E+00 -2.9261E-01 -6.5373E-01 -1.0695E-01 -1.7751E-01 -3.5165E-02 -4.4070E-02  1.6094E+00 -2.3403E-01 -7.2341E-02 -2.0520E-02
  1.7783E-01  2.0462E+00  3.6762E+00 -2.3087E-01 -5.5880E-01 -9.6213E-02 -1.7091E-01 -3.5054E-02 -4.8245E-02  1.4369E+00 -1.9376E-01 -6.7535E-02 -2.1472E-02
  1.9953E-01  1.7597E+00  3.3042E+00 -1.7327E-01 -4.6294E-01 -8.4416E-02 -1.6138E-01 -3.4167E-02 -5.1397E-02  1.2671E+00 -1.5459E-01 -6.1722E-02 -2.1930E-02
  2.2387E-01  1.4885E+00  2.9296E+00 -1.2094E-01 -3.6824E-01 -7.1742E-02 -1.4885E-01 -3.2428E-02 -5.3297E-02  1.1010E+00 -1.1735E-01 -5.4949E-02 -2.1821E-02
  2.5119E-01  1.2344E+00  2.5559E+00 -7.4960E-02 -2.7698E-01 -5.8483E-02 -1.3336E-01 -2.9804E-02 -5.3714E-02  9.4019E-01 -8.2914E-02 -4.7329E-02 -2.1086E-02
  2.8184E-01  9.9920E-01  2.1874E+00 -3.6332E-02 -1.9161E-01 -4.5052E-02 -1.1514E-01 -2.6322E-02 -5.2435E-02  7.8622E-01 -5.2137E-02 -3.9054E-02 -1.9691E-02
  3.1623E-01  7.8523E-01  1.8289E+00 -5.8352E-03 -1.1469E-01 -3.1975E-02 -9.4650E-02 -2.2088E-02 -4.9290E-02  6.4098E-01 -2.5842E-02 -3.0402E-02 -1.7638E-02
  3.5481E-01  5.9477E-01  1.4858E+00  1.6070E-02 -4.8740E-02 -1.9870E-02 -7.2609E-02 -1.7300E-02 -4.4201E-02  5.0650E-01 -4.7252E-03 -2.1742E-02 -1.4980E-02
  3.9811E-01  4.3000E-01  1.1644E+00  2.9371E-02  3.9126E-03 -9.4002E-03 -5.0068E-02 -1.2259E-02 -3.7234E-02  3.8487E-01  1.0713E-02 -1.3524E-02 -1.1837E-02
  4.4668E-01  2.9270E-01  8.7106E-01  3.4629E-02  4.1426E-02 -1.1973E-03 -2.8400E-02 -7.3668E-03 -2.8673E-02  2.7815E-01  2.0273E-02 -6.2535E-03 -8.4061E-03
  5.0119E-01  1.8387E-01  6.1271E-01  3.3072E-02  6.2773E-02  4.2548E-03 -9.2669E-03 -3.0911E-03 -1.9094E-02  1.8816E-01  2.4156E-02 -4.4698E-04 -4.9726E-03
  5.6234E-01  1.0334E-01  3.9580E-01  2.6606E-02  6.8195E-02  6.7645E-03  5.5221E-03  9.8798E-05 -9.4386E-03  1.1626E-01  2.3067E-02  3.4528E-03 -1.8949E-03
  6.3096E-01  4.9323E-02  2.2571E-01  1.7704E-02  5.9695E-02  6.5895E-03  1.4301E-02  1.8523E-03 -1.0252E-03  6.2979E-02  1.8273E-02  5.1906E-03  4.3160E-04
  7.0795E-01  1.8134E-02  1.0552E-01  9.0577E-03  4.1515E-02  4.5502E-03  1.6085E-02  2.1078E-03  4.5635E-03  2.7732E-02  1.1581E-02  4.8496E-03  1.6600E-03
  7.9433E-01  4.1240E-03  3.4251E-02  2.9491E-03  2.0323E-02  1.9817E-03  1.1449E-02  1.2759E-03  5.9224E-03  8.3859E-03  5.1518E-03  3.0142E-03  1.6469E-03
  8.9125E-01  2.8803E-04  4.5406E-03  3.2529E-04  4.4614E-03  3.1190E-04  3.7811E-03  2.8152E-04  3.0057E-03  1.0211E-03  1.0181E-03  8.7556E-04  7.0780E-04


