# Q =   100.0000
# x  F1Wp(LO) F1Wm(LO) F1Wp(NLO) F1Wm(NLO) F1Wp(NNLO) F1Wm(NNLO) F1Wp(N3LO) F1Wm(N3LO) F1Z(LO) F1Z(NLO) F1Z(NNLO) F1Z(N3LO)
  1.0000E-05  1.6825E+06  1.6826E+06 -2.6403E+05 -2.6402E+05 -3.7435E+04 -3.7434E+04 -3.7712E+03 -3.7714E+03  1.3604E+06 -2.2275E+05 -3.1586E+04 -3.1750E+03
  1.1220E-05  1.4424E+06  1.4425E+06 -2.2590E+05 -2.2589E+05 -3.2141E+04 -3.2140E+04 -3.2293E+03 -3.2294E+03  1.1657E+06 -1.9056E+05 -2.7117E+04 -2.7184E+03
  1.2589E-05  1.2363E+06  1.2363E+06 -1.9323E+05 -1.9322E+05 -2.7587E+04 -2.7586E+04 -2.7638E+03 -2.7640E+03  9.9859E+05 -1.6298E+05 -2.3273E+04 -2.3262E+03
  1.4125E-05  1.0594E+06  1.0595E+06 -1.6523E+05 -1.6523E+05 -2.3670E+04 -2.3669E+04 -2.3642E+03 -2.3644E+03  8.5525E+05 -1.3936E+05 -1.9967E+04 -1.9896E+03
  1.5849E-05  9.0762E+05  9.0767E+05 -1.4126E+05 -1.4125E+05 -2.0303E+04 -2.0302E+04 -2.0214E+03 -2.0215E+03  7.3233E+05 -1.1912E+05 -1.7125E+04 -1.7009E+03
  1.7783E-05  7.7742E+05  7.7747E+05 -1.2073E+05 -1.2072E+05 -1.7408E+04 -1.7407E+04 -1.7274E+03 -1.7276E+03  6.2693E+05 -1.0180E+05 -1.4682E+04 -1.4533E+03
  1.9953E-05  6.6575E+05  6.6580E+05 -1.0315E+05 -1.0315E+05 -1.4921E+04 -1.4920E+04 -1.4755E+03 -1.4756E+03  5.3657E+05 -8.6970E+04 -1.2583E+04 -1.2411E+03
  2.2387E-05  5.6999E+05  5.7004E+05 -8.8114E+04 -8.8108E+04 -1.2784E+04 -1.2784E+04 -1.2597E+03 -1.2598E+03  4.5913E+05 -7.4280E+04 -1.0780E+04 -1.0594E+03
  2.5119E-05  4.8789E+05  4.8794E+05 -7.5245E+04 -7.5239E+04 -1.0950E+04 -1.0949E+04 -1.0749E+03 -1.0750E+03  3.9278E+05 -6.3423E+04 -9.2326E+03 -9.0382E+02
  2.8184E-05  4.1753E+05  4.1757E+05 -6.4236E+04 -6.4230E+04 -9.3751E+03 -9.3745E+03 -9.1676E+02 -9.1685E+02  3.3593E+05 -5.4137E+04 -7.9041E+03 -7.7073E+02
  3.1623E-05  3.5723E+05  3.5727E+05 -5.4822E+04 -5.4817E+04 -8.0238E+03 -8.0233E+03 -7.8152E+02 -7.8160E+02  2.8724E+05 -4.6197E+04 -6.7642E+03 -6.5691E+02
  3.5481E-05  3.0556E+05  3.0560E+05 -4.6773E+04 -4.6768E+04 -6.8647E+03 -6.8643E+03 -6.6592E+02 -6.6599E+02  2.4555E+05 -3.9410E+04 -5.7865E+03 -5.5963E+02
  3.9811E-05  2.6131E+05  2.6135E+05 -3.9894E+04 -3.9889E+04 -5.8709E+03 -5.8704E+03 -5.6715E+02 -5.6722E+02  2.0985E+05 -3.3609E+04 -4.9482E+03 -4.7652E+02
  4.4668E-05  2.2341E+05  2.2345E+05 -3.4016E+04 -3.4011E+04 -5.0189E+03 -5.0185E+03 -4.8280E+02 -4.8286E+02  1.7930E+05 -2.8653E+04 -4.2296E+03 -4.0557E+02
  5.0119E-05  1.9096E+05  1.9100E+05 -2.8995E+04 -2.8990E+04 -4.2889E+03 -4.2885E+03 -4.1080E+02 -4.1087E+02  1.5316E+05 -2.4420E+04 -3.6140E+03 -3.4501E+02
  5.6234E-05  1.6319E+05  1.6322E+05 -2.4706E+04 -2.4703E+04 -3.6636E+03 -3.6632E+03 -3.4939E+02 -3.4944E+02  1.3080E+05 -2.0805E+04 -3.0867E+03 -2.9336E+02
  6.3096E-05  1.3942E+05  1.3945E+05 -2.1046E+04 -2.1042E+04 -3.1281E+03 -3.1278E+03 -2.9701E+02 -2.9707E+02  1.1167E+05 -1.7720E+04 -2.6352E+03 -2.4933E+02
  7.0795E-05  1.1908E+05  1.1911E+05 -1.7921E+04 -1.7918E+04 -2.6699E+03 -2.6696E+03 -2.5238E+02 -2.5243E+02  9.5310E+04 -1.5087E+04 -2.2489E+03 -2.1181E+02
  7.9433E-05  1.0168E+05  1.0171E+05 -1.5255E+04 -1.5252E+04 -2.2777E+03 -2.2775E+03 -2.1436E+02 -2.1440E+02  8.1328E+04 -1.2840E+04 -1.9183E+03 -1.7986E+02
  8.9125E-05  8.6803E+04  8.6833E+04 -1.2981E+04 -1.2978E+04 -1.9424E+03 -1.9422E+03 -1.8198E+02 -1.8202E+02  6.9377E+04 -1.0925E+04 -1.6357E+03 -1.5265E+02
  1.0000E-04  7.4083E+04  7.4111E+04 -1.1043E+04 -1.1040E+04 -1.6557E+03 -1.6555E+03 -1.5443E+02 -1.5447E+02  5.9167E+04 -9.2914E+03 -1.3940E+03 -1.2951E+02
  1.1220E-04  6.3210E+04  6.3237E+04 -9.3900E+03 -9.3873E+03 -1.4107E+03 -1.4105E+03 -1.3099E+02 -1.3103E+02  5.0445E+04 -7.8994E+03 -1.1876E+03 -1.0982E+02
  1.2589E-04  5.3918E+04  5.3945E+04 -7.9816E+03 -7.9791E+03 -1.2014E+03 -1.2012E+03 -1.1107E+02 -1.1110E+02  4.2996E+04 -6.7134E+03 -1.0112E+03 -9.3089E+01
  1.4125E-04  4.5980E+04  4.6005E+04 -6.7820E+03 -6.7796E+03 -1.0227E+03 -1.0225E+03 -9.4134E+01 -9.4164E+01  3.6637E+04 -5.7032E+03 -8.6065E+02 -7.8873E+01
  1.5849E-04  3.9199E+04  3.9224E+04 -5.7604E+03 -5.7582E+03 -8.7011E+02 -8.6999E+02 -7.9749E+01 -7.9776E+01  3.1209E+04 -4.8432E+03 -7.3215E+02 -6.6799E+01
  1.7783E-04  3.3410E+04  3.3433E+04 -4.8908E+03 -4.8887E+03 -7.3997E+02 -7.3986E+02 -6.7535E+01 -6.7560E+01  2.6577E+04 -4.1112E+03 -6.2253E+02 -5.6551E+01
  1.9953E-04  2.8467E+04  2.8490E+04 -4.1508E+03 -4.1488E+03 -6.2898E+02 -6.2889E+02 -5.7169E+01 -5.7193E+01  2.2626E+04 -3.4884E+03 -5.2907E+02 -4.7856E+01
  2.2387E-04  2.4249E+04  2.4271E+04 -3.5212E+03 -3.5195E+03 -5.3438E+02 -5.3430E+02 -4.8376E+01 -4.8398E+01  1.9257E+04 -2.9586E+03 -4.4941E+02 -4.0481E+01
  2.5119E-04  2.0650E+04  2.0670E+04 -2.9860E+03 -2.9843E+03 -4.5377E+02 -4.5370E+02 -4.0920E+01 -4.0940E+01  1.6384E+04 -2.5083E+03 -3.8154E+02 -3.4230E+01
  2.8184E-04  1.7579E+04  1.7600E+04 -2.5310E+03 -2.5294E+03 -3.8513E+02 -3.8506E+02 -3.4600E+01 -3.4618E+01  1.3935E+04 -2.1256E+03 -3.2376E+02 -2.8933E+01
  3.1623E-04  1.4961E+04  1.4981E+04 -2.1443E+03 -2.1429E+03 -3.2669E+02 -3.2664E+02 -2.9246E+01 -2.9263E+01  1.1849E+04 -1.8004E+03 -2.7458E+02 -2.4447E+01
  3.5481E-04  1.2730E+04  1.2748E+04 -1.8160E+03 -1.8146E+03 -2.7697E+02 -2.7693E+02 -2.4712E+01 -2.4727E+01  1.0072E+04 -1.5243E+03 -2.3274E+02 -2.0649E+01
  3.9811E-04  1.0827E+04  1.0845E+04 -1.5372E+03 -1.5359E+03 -2.3469E+02 -2.3466E+02 -2.0873E+01 -2.0887E+01  8.5583E+03 -1.2899E+03 -1.9716E+02 -1.7435E+01
  4.4668E-04  9.2065E+03  9.2236E+03 -1.3005E+03 -1.2994E+03 -1.9875E+02 -1.9872E+02 -1.7625E+01 -1.7638E+01  7.2699E+03 -1.0911E+03 -1.6693E+02 -1.4716E+01
  5.0119E-04  7.8259E+03  7.8423E+03 -1.0998E+03 -1.0988E+03 -1.6822E+02 -1.6820E+02 -1.4878E+01 -1.4889E+01  6.1734E+03 -9.2238E+02 -1.4125E+02 -1.2417E+01
  5.6234E-04  6.6503E+03  6.6660E+03 -9.2961E+02 -9.2866E+02 -1.4229E+02 -1.4228E+02 -1.2555E+01 -1.2565E+01  5.2405E+03 -7.7939E+02 -1.1945E+02 -1.0474E+01
  6.3096E-04  5.6495E+03  5.6646E+03 -7.8535E+02 -7.8448E+02 -1.2029E+02 -1.2028E+02 -1.0591E+01 -1.0601E+01  4.4471E+03 -6.5822E+02 -1.0095E+02 -8.8317E+00
  7.0795E-04  4.7977E+03  4.8122E+03 -6.6312E+02 -6.6234E+02 -1.0163E+02 -1.0162E+02 -8.9322E+00 -8.9408E+00  3.7726E+03 -5.5559E+02 -8.5267E+01 -7.4449E+00
  7.9433E-04  4.0731E+03  4.0870E+03 -5.5962E+02 -5.5891E+02 -8.5807E+01 -8.5802E+01 -7.5308E+00 -7.5387E+00  3.1992E+03 -4.6870E+02 -7.1972E+01 -6.2740E+00
  8.9125E-04  3.4568E+03  3.4701E+03 -4.7201E+02 -4.7137E+02 -7.2402E+01 -7.2400E+01 -6.3476E+00 -6.3547E+00  2.7121E+03 -3.9518E+02 -6.0710E+01 -5.2857E+00
  1.0000E-03  2.9328E+03  2.9455E+03 -3.9790E+02 -3.9732E+02 -6.1051E+01 -6.1052E+01 -5.3488E+00 -5.3552E+00  2.2983E+03 -3.3299E+02 -5.1175E+01 -4.4518E+00
  1.1220E-03  2.4874E+03  2.4996E+03 -3.3522E+02 -3.3470E+02 -5.1445E+01 -5.1448E+01 -4.5060E+00 -4.5118E+00  1.9469E+03 -2.8043E+02 -4.3109E+01 -3.7485E+00
  1.2589E-03  2.1089E+03  2.1206E+03 -2.8225E+02 -2.8179E+02 -4.3320E+01 -4.3325E+01 -3.7950E+00 -3.8003E+00  1.6487E+03 -2.3601E+02 -3.6288E+01 -3.1554E+00
  1.4125E-03  1.7874E+03  1.7986E+03 -2.3750E+02 -2.3709E+02 -3.6453E+01 -3.6459E+01 -3.1954E+00 -3.2002E+00  1.3957E+03 -1.9850E+02 -3.0524E+01 -2.6555E+00
  1.5849E-03  1.5144E+03  1.5251E+03 -1.9972E+02 -1.9936E+02 -3.0652E+01 -3.0660E+01 -2.6899E+00 -2.6942E+00  1.1810E+03 -1.6685E+02 -2.5657E+01 -2.2342E+00
  1.7783E-03  1.2826E+03  1.2929E+03 -1.6784E+02 -1.6753E+02 -2.5755E+01 -2.5764E+01 -2.2638E+00 -2.2677E+00  9.9905E+02 -1.4014E+02 -2.1549E+01 -1.8793E+00
  1.9953E-03  1.0860E+03  1.0958E+03 -1.4096E+02 -1.4069E+02 -2.1624E+01 -2.1634E+01 -1.9047E+00 -1.9082E+00  8.4479E+02 -1.1763E+02 -1.8085E+01 -1.5803E+00
  2.2387E-03  9.1912E+02  9.2854E+02 -1.1829E+02 -1.1807E+02 -1.8141E+01 -1.8151E+01 -1.6022E+00 -1.6054E+00  7.1410E+02 -9.8664E+01 -1.5166E+01 -1.3286E+00
  2.5119E-03  7.7764E+02  7.8665E+02 -9.9202E+01 -9.9013E+01 -1.5207E+01 -1.5218E+01 -1.3475E+00 -1.3503E+00  6.0340E+02 -8.2693E+01 -1.2707E+01 -1.1167E+00
  2.8184E-03  6.5769E+02  6.6631E+02 -8.3130E+01 -8.2976E+01 -1.2737E+01 -1.2748E+01 -1.1329E+00 -1.1355E+00  5.0968E+02 -6.9254E+01 -1.0638E+01 -9.3830E-01
  3.1623E-03  5.5604E+02  5.6428E+02 -6.9608E+01 -6.9487E+01 -1.0659E+01 -1.0671E+01 -9.5230E-01 -9.5456E-01  4.3036E+02 -5.7953E+01 -8.8984E+00 -7.8822E-01
  3.5481E-03  4.6993E+02  4.7780E+02 -5.8239E+01 -5.8147E+01 -8.9126E+00 -8.9241E+00 -8.0027E-01 -8.0228E-01  3.6325E+02 -4.8455E+01 -7.4364E+00 -6.6196E-01
  3.9811E-03  3.9700E+02  4.0452E+02 -4.8685E+01 -4.8622E+01 -7.4456E+00 -7.4570E+00 -6.7233E-01 -6.7412E-01  3.0650E+02 -4.0480E+01 -6.2089E+00 -5.5577E-01
  4.4668E-03  3.3527E+02  3.4245E+02 -4.0664E+01 -4.0626E+01 -6.2142E+00 -6.2256E+00 -5.6469E-01 -5.6627E-01  2.5853E+02 -3.3787E+01 -5.1792E+00 -4.6648E-01
  5.0119E-03  2.8302E+02  2.8988E+02 -3.3933E+01 -3.3919E+01 -5.1816E+00 -5.1928E+00 -4.7414E-01 -4.7553E-01  2.1798E+02 -2.8174E+01 -4.3160E+00 -3.9140E-01
  5.6234E-03  2.3883E+02  2.4537E+02 -2.8290E+01 -2.8296E+01 -4.3164E+00 -4.3273E+00 -3.9799E-01 -3.9920E-01  1.8374E+02 -2.3472E+01 -3.5930E+00 -3.2830E-01
  6.3096E-03  2.0145E+02  2.0769E+02 -2.3562E+01 -2.3587E+01 -3.5920E+00 -3.6027E+00 -3.3396E-01 -3.3502E-01  1.5482E+02 -1.9535E+01 -2.9881E+00 -2.7528E-01
  7.0795E-03  1.6986E+02  1.7580E+02 -1.9604E+01 -1.9646E+01 -2.9861E+00 -2.9964E+00 -2.8013E-01 -2.8105E-01  1.3041E+02 -1.6241E+01 -2.4823E+00 -2.3073E-01
  7.9433E-03  1.4316E+02  1.4882E+02 -1.6293E+01 -1.6351E+01 -2.4797E+00 -2.4897E+00 -2.3489E-01 -2.3568E-01  1.0982E+02 -1.3488E+01 -2.0598E+00 -1.9331E-01
  8.9125E-03  1.2061E+02  1.2600E+02 -1.3525E+01 -1.3597E+01 -2.0569E+00 -2.0666E+00 -1.9688E-01 -1.9755E-01  9.2452E+01 -1.1190E+01 -1.7073E+00 -1.6189E-01
  1.0000E-02  1.0157E+02  1.0669E+02 -1.1215E+01 -1.1299E+01 -1.7042E+00 -1.7136E+00 -1.6494E-01 -1.6551E-01  7.7809E+01 -9.2718E+00 -1.4134E+00 -1.3551E-01
  1.1220E-02  8.5496E+01  9.0364E+01 -9.2869E+00 -9.3812E+00 -1.4103E+00 -1.4193E+00 -1.3812E-01 -1.3860E-01  6.5468E+01 -7.6734E+00 -1.1687E+00 -1.1337E-01
  1.2589E-02  7.1934E+01  7.6558E+01 -7.6801E+00 -7.7833E+00 -1.1656E+00 -1.1744E+00 -1.1560E-01 -1.1599E-01  5.5070E+01 -6.3424E+00 -9.6510E-01 -9.4787E-02
  1.4125E-02  6.0495E+01  6.4882E+01 -6.3422E+00 -6.4528E+00 -9.6213E-01 -9.7058E-01 -9.6702E-02 -9.7022E-02  4.6314E+01 -5.2354E+00 -7.9591E-01 -7.9204E-02
  1.5849E-02  5.0850E+01  5.5010E+01 -5.2293E+00 -5.3460E+00 -7.9310E-01 -8.0126E-01 -8.0842E-02 -8.1100E-02  3.8942E+01 -4.3156E+00 -6.5547E-01 -6.6138E-02
  1.7783E-02  4.2720E+01  4.6660E+01 -4.3046E+00 -4.4260E+00 -6.5284E-01 -6.6074E-01 -6.7539E-02 -6.7745E-02  3.2737E+01 -3.5522E+00 -5.3903E-01 -5.5186E-02
  1.9953E-02  3.5871E+01  3.9599E+01 -3.5371E+00 -3.6620E+00 -5.3659E-01 -5.4425E-01 -5.6384E-02 -5.6547E-02  2.7516E+01 -2.9193E+00 -4.4261E-01 -4.6011E-02
  2.2387E-02  3.0102E+01  3.3625E+01 -2.9008E+00 -3.0280E+00 -4.4035E-01 -4.4780E-01 -4.7036E-02 -4.7163E-02  2.3124E+01 -2.3953E+00 -3.6287E-01 -3.8327E-02
  2.5119E-02  2.5245E+01  2.8569E+01 -2.3740E+00 -2.5024E+00 -3.6079E-01 -3.6805E-01 -3.9205E-02 -3.9305E-02  1.9430E+01 -1.9620E+00 -2.9702E-01 -3.1896E-02
  2.8184E-02  2.1156E+01  2.4289E+01 -1.9383E+00 -2.0668E+00 -2.9509E-01 -3.0219E-01 -3.2648E-02 -3.2729E-02  1.6324E+01 -1.6041E+00 -2.4271E-01 -2.6517E-02
  3.1623E-02  1.7715E+01  2.0664E+01 -1.5785E+00 -1.7060E+00 -2.4093E-01 -2.4789E-01 -2.7161E-02 -2.7231E-02  1.3712E+01 -1.3088E+00 -1.9799E-01 -2.2020E-02
  3.5481E-02  1.4821E+01  1.7591E+01 -1.2818E+00 -1.4074E+00 -1.9633E-01 -2.0318E-01 -2.2573E-02 -2.2639E-02  1.1515E+01 -1.0656E+00 -1.6123E-01 -1.8265E-02
  3.9811E-02  1.2387E+01  1.4984E+01 -1.0374E+00 -1.1603E+00 -1.5967E-01 -1.6642E-01 -1.8739E-02 -1.8808E-02  9.6685E+00 -8.6549E-01 -1.3105E-01 -1.5131E-02
  4.4668E-02  1.0341E+01  1.2770E+01 -8.3649E-01 -9.5571E-01 -1.2957E-01 -1.3625E-01 -1.5538E-02 -1.5617E-02  8.1154E+00 -7.0107E-01 -1.0632E-01 -1.2519E-02
  5.0119E-02  8.6203E+00  1.0887E+01 -6.7158E-01 -7.8638E-01 -1.0491E-01 -1.1152E-01 -1.2867E-02 -1.2963E-02  6.8088E+00 -5.6615E-01 -8.6100E-02 -1.0344E-02
  5.6234E-02  7.1743E+00  9.2846E+00 -5.3647E-01 -6.4611E-01 -8.4732E-02 -9.1283E-02 -1.0642E-02 -1.0761E-02  5.7092E+00 -4.5558E-01 -6.9592E-02 -8.5364E-03
  6.3096E-02  5.9593E+00  7.9177E+00 -4.2599E-01 -5.2982E-01 -6.8249E-02 -7.4744E-02 -8.7893E-03 -8.9369E-03  4.7834E+00 -3.6509E-01 -5.6141E-02 -7.0360E-03
  7.0795E-02  4.9385E+00  6.7499E+00 -3.3586E-01 -4.3327E-01 -5.4807E-02 -6.1241E-02 -7.2488E-03 -7.4301E-03  4.0034E+00 -2.9112E-01 -4.5201E-02 -5.7930E-03
  7.9433E-02  4.0811E+00  5.7501E+00 -2.6252E-01 -3.5299E-01 -4.3862E-02 -5.0224E-02 -5.9693E-03 -6.1885E-03  3.3458E+00 -2.3074E-01 -3.6318E-02 -4.7652E-03
  8.9125E-02  3.3611E+00  4.8924E+00 -2.0304E-01 -2.8611E-01 -3.4963E-02 -4.1233E-02 -4.9076E-03 -5.1683E-03  2.7909E+00 -1.8152E-01 -2.9117E-02 -3.9171E-03
  1.0000E-01  2.7568E+00  4.1547E+00 -1.5496E-01 -2.3028E-01 -2.7737E-02 -3.3888E-02 -4.0274E-03 -4.3318E-03  2.3222E+00 -1.4147E-01 -2.3287E-02 -3.2186E-03
  1.1220E-01  2.2500E+00  3.5189E+00 -1.1631E-01 -1.8359E-01 -2.1876E-02 -2.7872E-02 -3.2980E-03 -3.6471E-03  1.9260E+00 -1.0895E-01 -1.8568E-02 -2.6443E-03
  1.2589E-01  1.8252E+00  2.9695E+00 -8.5413E-02 -1.4449E-01 -1.7125E-02 -2.2924E-02 -2.6934E-03 -3.0866E-03  1.5907E+00 -8.2612E-02 -1.4750E-02 -2.1726E-03
  1.4125E-01  1.4698E+00  2.4939E+00 -6.0925E-02 -1.1174E-01 -1.3279E-02 -1.8828E-02 -2.1917E-03 -2.6265E-03  1.3069E+00 -6.1368E-02 -1.1657E-02 -1.7852E-03
  1.5849E-01  1.1731E+00  2.0816E+00 -4.1731E-02 -8.4337E-02 -1.0168E-02 -1.5409E-02 -1.7746E-03 -2.2463E-03  1.0666E+00 -4.4326E-02 -9.1476E-03 -1.4662E-03
  1.7783E-01  9.2606E-01  1.7237E+00 -2.6914E-02 -6.1509E-02 -7.6551E-03 -1.2525E-02 -1.4266E-03 -1.9282E-03  8.6316E-01 -3.0770E-02 -7.1061E-03 -1.2026E-03
  1.9953E-01  7.2135E-01  1.4131E+00 -1.5721E-02 -4.2643E-02 -5.6314E-03 -1.0065E-02 -1.1351E-03 -1.6567E-03  6.9123E-01 -2.0117E-02 -5.4403E-03 -9.8308E-04
  2.2387E-01  5.5274E-01  1.1439E+00 -7.5242E-03 -2.7264E-02 -4.0106E-03 -7.9451E-03 -8.8983E-04 -1.4191E-03  5.4630E-01 -1.1899E-02 -4.0779E-03 -7.9831E-04
  2.5119E-01  4.1505E-01  9.1153E-01 -1.7957E-03 -1.5004E-02 -2.7252E-03 -6.1026E-03 -6.8263E-04 -1.2046E-03  4.2472E-01 -5.7330E-03 -2.9633E-03 -6.4076E-04
  2.8184E-01  3.0392E-01  7.1209E-01  1.9164E-03 -5.5667E-03 -1.7231E-03 -4.4979E-03 -5.0755E-04 -1.0053E-03  3.2346E-01 -1.3022E-03 -2.0549E-03 -5.0457E-04
  3.1623E-01  2.1566E-01  5.4255E-01  4.0102E-03  1.3016E-03 -9.6388E-04 -3.1097E-03 -3.6046E-04 -8.1570E-04  2.4003E-01  1.6634E-03 -1.3235E-03 -3.8558E-04
  3.5481E-01  1.4706E-01  4.0044E-01  4.8458E-03  5.8397E-03 -4.1541E-04 -1.9325E-03 -2.3887E-04 -6.3358E-04  1.7234E-01  3.4042E-03 -7.4861E-04 -2.8126E-04
  3.9811E-01  9.5276E-02  2.8370E-01  4.7572E-03  8.3027E-03 -4.9997E-05 -9.7219E-04 -1.4159E-04 -4.5999E-04  1.1860E-01  4.1466E-03 -3.1663E-04 -1.9071E-04
  4.4668E-01  5.7720E-02  1.9049E-01  4.0589E-03  8.9895E-03  1.5913E-04 -2.4139E-04 -6.8197E-05 -2.9936E-04  7.7205E-02  4.1145E-03 -1.7215E-05 -1.1442E-04
  5.0119E-01  3.1944E-02  1.1897E-01  3.0436E-03  8.2648E-03  2.4118E-04  2.4870E-04 -1.8272E-05 -1.5923E-04  4.6642E-02  3.5367E-03  1.6018E-04 -5.3873E-05
  5.6234E-01  1.5575E-02  6.7163E-02  1.9726E-03  6.5709E-03  2.3009E-04  4.9775E-04  9.5559E-06 -4.9074E-05  2.5393E-02  2.6480E-03  2.3018E-04 -1.0924E-05
  6.3096E-01  6.2971E-03  3.2661E-02  1.0554E-03  4.4191E-03  1.6478E-04  5.2790E-04  1.8618E-05  2.2036E-05  1.1865E-02  1.6802E-03  2.1508E-04  1.3328E-05
  7.0795E-01  1.8846E-03  1.2506E-02  4.2264E-04  2.3477E-03  8.5779E-05  3.9482E-04  1.4873E-05  4.9444E-05  4.3449E-03  8.4115E-04  1.4694E-04  1.9944E-05
  7.9433E-01  3.2367E-04  3.0825E-03  1.0068E-04  8.2908E-04  2.6857E-05  1.9243E-04  6.4345E-06  3.8714E-05  1.0181E-03  2.7890E-04  6.6037E-05  1.3671E-05
  8.9125E-01  1.4160E-05  2.5733E-04  6.7622E-06  1.0981E-04  2.5538E-06  3.7449E-05  8.6538E-07  1.1396E-05  8.0184E-05  3.4485E-05  1.1853E-05  3.6401E-06


# Q =   100.0000
# x  F2Wp(LO) F2Wm(LO) F2Wp(NLO) F2Wm(NLO) F2Wp(NNLO) F2Wm(NNLO) F2Wp(N3LO) F2Wm(N3LO) F2Z(LO) F2Z(NLO) F2Z(NNLO) F2Z(N3LO)
  1.0000E-05  3.3651E+01  3.3652E+01 -5.4691E-01 -5.4668E-01 -8.1655E-01 -8.1651E-01  2.3700E-02  2.3697E-02  2.7209E+01 -4.5699E-01 -6.9366E-01  2.0221E-02
  1.1220E-05  3.2368E+01  3.2369E+01 -5.3754E-01 -5.3730E-01 -7.8015E-01 -7.8011E-01  1.9731E-02  1.9728E-02  2.6158E+01 -4.4925E-01 -6.6272E-01  1.6842E-02
  1.2589E-05  3.1128E+01  3.1129E+01 -5.2802E-01 -5.2776E-01 -7.4510E-01 -7.4506E-01  1.6114E-02  1.6111E-02  2.5143E+01 -4.4138E-01 -6.3292E-01  1.3762E-02
  1.4125E-05  2.9929E+01  2.9930E+01 -5.1836E-01 -5.1809E-01 -7.1135E-01 -7.1131E-01  1.2826E-02  1.2822E-02  2.4162E+01 -4.3338E-01 -6.0423E-01  1.0962E-02
  1.5849E-05  2.8770E+01  2.8771E+01 -5.0859E-01 -5.0830E-01 -6.7887E-01 -6.7883E-01  9.8450E-03  9.8410E-03  2.3213E+01 -4.2528E-01 -5.7662E-01  8.4243E-03
  1.7783E-05  2.7649E+01  2.7651E+01 -4.9873E-01 -4.9842E-01 -6.4761E-01 -6.4757E-01  7.1506E-03  7.1465E-03  2.2297E+01 -4.1710E-01 -5.5004E-01  6.1302E-03
  1.9953E-05  2.6567E+01  2.6569E+01 -4.8878E-01 -4.8845E-01 -6.1754E-01 -6.1750E-01  4.7233E-03  4.7190E-03  2.1412E+01 -4.0884E-01 -5.2448E-01  4.0634E-03
  2.2387E-05  2.5521E+01  2.5523E+01 -4.7877E-01 -4.7842E-01 -5.8863E-01 -5.8858E-01  2.5445E-03  2.5400E-03  2.0557E+01 -4.0052E-01 -4.9990E-01  2.2081E-03
  2.5119E-05  2.4511E+01  2.4513E+01 -4.6871E-01 -4.6834E-01 -5.6083E-01 -5.6078E-01  5.9667E-04  5.9198E-04  1.9732E+01 -3.9215E-01 -4.7627E-01  5.4939E-04
  2.8184E-05  2.3535E+01  2.3538E+01 -4.5862E-01 -4.5822E-01 -5.3412E-01 -5.3407E-01 -1.1367E-03 -1.1416E-03  1.8936E+01 -3.8376E-01 -4.5357E-01 -9.2681E-04
  3.1623E-05  2.2593E+01  2.2596E+01 -4.4851E-01 -4.4808E-01 -5.0846E-01 -5.0840E-01 -2.6714E-03 -2.6765E-03  1.8167E+01 -3.7534E-01 -4.3175E-01 -2.2339E-03
  3.5481E-05  2.1684E+01  2.1686E+01 -4.3840E-01 -4.3794E-01 -4.8381E-01 -4.8375E-01 -4.0222E-03 -4.0275E-03  1.7425E+01 -3.6691E-01 -4.1080E-01 -3.3844E-03
  3.9811E-05  2.0806E+01  2.0809E+01 -4.2829E-01 -4.2780E-01 -4.6014E-01 -4.6008E-01 -5.2031E-03 -5.2086E-03  1.6709E+01 -3.5848E-01 -3.9068E-01 -4.3903E-03
  4.4668E-05  1.9959E+01  1.9962E+01 -4.1819E-01 -4.1768E-01 -4.3743E-01 -4.3737E-01 -6.2272E-03 -6.2330E-03  1.6018E+01 -3.5006E-01 -3.7138E-01 -5.2627E-03
  5.0119E-05  1.9142E+01  1.9145E+01 -4.0813E-01 -4.0758E-01 -4.1564E-01 -4.1558E-01 -7.1070E-03 -7.1130E-03  1.5352E+01 -3.4166E-01 -3.5286E-01 -6.0123E-03
  5.6234E-05  1.8353E+01  1.8357E+01 -3.9811E-01 -3.9752E-01 -3.9475E-01 -3.9468E-01 -7.8542E-03 -7.8604E-03  1.4710E+01 -3.3329E-01 -3.3510E-01 -6.6491E-03
  6.3096E-05  1.7593E+01  1.7597E+01 -3.8813E-01 -3.8751E-01 -3.7471E-01 -3.7464E-01 -8.4797E-03 -8.4861E-03  1.4091E+01 -3.2496E-01 -3.1807E-01 -7.1823E-03
  7.0795E-05  1.6860E+01  1.6865E+01 -3.7822E-01 -3.7756E-01 -3.5551E-01 -3.5544E-01 -8.9940E-03 -9.0006E-03  1.3495E+01 -3.1667E-01 -3.0176E-01 -7.6208E-03
  7.9433E-05  1.6154E+01  1.6159E+01 -3.6838E-01 -3.6768E-01 -3.3712E-01 -3.3705E-01 -9.4067E-03 -9.4135E-03  1.2920E+01 -3.0844E-01 -2.8612E-01 -7.9728E-03
  8.9125E-05  1.5473E+01  1.5478E+01 -3.5861E-01 -3.5787E-01 -3.1951E-01 -3.1943E-01 -9.7270E-03 -9.7340E-03  1.2367E+01 -3.0027E-01 -2.7116E-01 -8.2461E-03
  1.0000E-04  1.4817E+01  1.4822E+01 -3.4893E-01 -3.4814E-01 -3.0265E-01 -3.0257E-01 -9.9633E-03 -9.9705E-03  1.1833E+01 -2.9216E-01 -2.5683E-01 -8.4480E-03
  1.1220E-04  1.4184E+01  1.4191E+01 -3.3934E-01 -3.3851E-01 -2.8652E-01 -2.8644E-01 -1.0124E-02 -1.0131E-02  1.1320E+01 -2.8414E-01 -2.4312E-01 -8.5853E-03
  1.2589E-04  1.3576E+01  1.3582E+01 -3.2985E-01 -3.2897E-01 -2.7109E-01 -2.7101E-01 -1.0216E-02 -1.0223E-02  1.0826E+01 -2.7619E-01 -2.3001E-01 -8.6642E-03
  1.4125E-04  1.2990E+01  1.2997E+01 -3.2047E-01 -3.1954E-01 -2.5634E-01 -2.5626E-01 -1.0246E-02 -1.0254E-02  1.0350E+01 -2.6832E-01 -2.1748E-01 -8.6908E-03
  1.5849E-04  1.2425E+01  1.2433E+01 -3.1120E-01 -3.1022E-01 -2.4225E-01 -2.4216E-01 -1.0221E-02 -1.0229E-02  9.8925E+00 -2.6055E-01 -2.0550E-01 -8.6706E-03
  1.7783E-04  1.1882E+01  1.1891E+01 -3.0205E-01 -3.0101E-01 -2.2879E-01 -2.2870E-01 -1.0148E-02 -1.0156E-02  9.4523E+00 -2.5288E-01 -1.9406E-01 -8.6087E-03
  1.9953E-04  1.1360E+01  1.1369E+01 -2.9302E-01 -2.9192E-01 -2.1594E-01 -2.1584E-01 -1.0031E-02 -1.0039E-02  9.0290E+00 -2.4530E-01 -1.8314E-01 -8.5099E-03
  2.2387E-04  1.0857E+01  1.0867E+01 -2.8412E-01 -2.8296E-01 -2.0367E-01 -2.0358E-01 -9.8760E-03 -9.8845E-03  8.6220E+00 -2.3783E-01 -1.7272E-01 -8.3787E-03
  2.5119E-04  1.0374E+01  1.0384E+01 -2.7535E-01 -2.7413E-01 -1.9198E-01 -1.9188E-01 -9.6877E-03 -9.6964E-03  8.2308E+00 -2.3047E-01 -1.6279E-01 -8.2191E-03
  2.8184E-04  9.9092E+00  9.9205E+00 -2.6671E-01 -2.6544E-01 -1.8082E-01 -1.8072E-01 -9.4707E-03 -9.4795E-03  7.8550E+00 -2.2322E-01 -1.5331E-01 -8.0351E-03
  3.1623E-04  9.4625E+00  9.4747E+00 -2.5822E-01 -2.5688E-01 -1.7020E-01 -1.7009E-01 -9.2290E-03 -9.2379E-03  7.4939E+00 -2.1608E-01 -1.4428E-01 -7.8300E-03
  3.5481E-04  9.0332E+00  9.0464E+00 -2.4987E-01 -2.4846E-01 -1.6008E-01 -1.5997E-01 -8.9664E-03 -8.9755E-03  7.1471E+00 -2.0906E-01 -1.3569E-01 -7.6072E-03
  3.9811E-04  8.6208E+00  8.6350E+00 -2.4167E-01 -2.4019E-01 -1.5045E-01 -1.5034E-01 -8.6865E-03 -8.6957E-03  6.8142E+00 -2.0217E-01 -1.2751E-01 -7.3696E-03
  4.4668E-04  8.2248E+00  8.2400E+00 -2.3362E-01 -2.3207E-01 -1.4129E-01 -1.4118E-01 -8.3925E-03 -8.4017E-03  6.4947E+00 -1.9539E-01 -1.1972E-01 -7.1199E-03
  5.0119E-04  7.8445E+00  7.8609E+00 -2.2572E-01 -2.2409E-01 -1.3258E-01 -1.3246E-01 -8.0872E-03 -8.0964E-03  6.1881E+00 -1.8874E-01 -1.1232E-01 -6.8607E-03
  5.6234E-04  7.4795E+00  7.4971E+00 -2.1797E-01 -2.1627E-01 -1.2430E-01 -1.2418E-01 -7.7734E-03 -7.7827E-03  5.8939E+00 -1.8222E-01 -1.0529E-01 -6.5943E-03
  6.3096E-04  7.1292E+00  7.1482E+00 -2.1037E-01 -2.0860E-01 -1.1644E-01 -1.1632E-01 -7.4536E-03 -7.4628E-03  5.6119E+00 -1.7582E-01 -9.8618E-02 -6.3226E-03
  7.0795E-04  6.7931E+00  6.8136E+00 -2.0294E-01 -2.0109E-01 -1.0898E-01 -1.0886E-01 -7.1298E-03 -7.1389E-03  5.3416E+00 -1.6956E-01 -9.2283E-02 -6.0476E-03
  7.9433E-04  6.4708E+00  6.4928E+00 -1.9566E-01 -1.9374E-01 -1.0191E-01 -1.0179E-01 -6.8042E-03 -6.8132E-03  5.0825E+00 -1.6342E-01 -8.6276E-02 -5.7710E-03
  8.9125E-04  6.1618E+00  6.1855E+00 -1.8854E-01 -1.8655E-01 -9.5205E-02 -9.5084E-02 -6.4784E-03 -6.4873E-03  4.8343E+00 -1.5742E-01 -8.0583E-02 -5.4943E-03
  1.0000E-03  5.8656E+00  5.8911E+00 -1.8158E-01 -1.7951E-01 -8.8856E-02 -8.8733E-02 -6.1542E-03 -6.1628E-03  4.5966E+00 -1.5155E-01 -7.5191E-02 -5.2189E-03
  1.1220E-03  5.5817E+00  5.6092E+00 -1.7478E-01 -1.7264E-01 -8.2848E-02 -8.2724E-02 -5.8328E-03 -5.8413E-03  4.3690E+00 -1.4581E-01 -7.0090E-02 -4.9459E-03
  1.2589E-03  5.3099E+00  5.3393E+00 -1.6814E-01 -1.6593E-01 -7.7166E-02 -7.7041E-02 -5.5157E-03 -5.5238E-03  4.1512E+00 -1.4021E-01 -6.5265E-02 -4.6765E-03
  1.4125E-03  5.0495E+00  5.0812E+00 -1.6166E-01 -1.5939E-01 -7.1797E-02 -7.1671E-02 -5.2039E-03 -5.2117E-03  3.9429E+00 -1.3473E-01 -6.0707E-02 -4.4116E-03
  1.5849E-03  4.8003E+00  4.8343E+00 -1.5534E-01 -1.5300E-01 -6.6728E-02 -6.6601E-02 -4.8984E-03 -4.9057E-03  3.7436E+00 -1.2940E-01 -5.6403E-02 -4.1521E-03
  1.7783E-03  4.5618E+00  4.5983E+00 -1.4918E-01 -1.4679E-01 -6.1946E-02 -6.1818E-02 -4.6000E-03 -4.6068E-03  3.5532E+00 -1.2419E-01 -5.2344E-02 -3.8986E-03
  1.9953E-03  4.3336E+00  4.3728E+00 -1.4317E-01 -1.4073E-01 -5.7440E-02 -5.7311E-02 -4.3095E-03 -4.3157E-03  3.3712E+00 -1.1912E-01 -4.8519E-02 -3.6517E-03
  2.2387E-03  4.1153E+00  4.1575E+00 -1.3733E-01 -1.3484E-01 -5.3196E-02 -5.3066E-02 -4.0275E-03 -4.0330E-03  3.1973E+00 -1.1418E-01 -4.4917E-02 -3.4121E-03
  2.5119E-03  3.9067E+00  3.9519E+00 -1.3164E-01 -1.2912E-01 -4.9203E-02 -4.9073E-02 -3.7544E-03 -3.7592E-03  3.0313E+00 -1.0938E-01 -4.1529E-02 -3.1801E-03
  2.8184E-03  3.7072E+00  3.7558E+00 -1.2611E-01 -1.2356E-01 -4.5452E-02 -4.5321E-02 -3.4908E-03 -3.4947E-03  2.8729E+00 -1.0471E-01 -3.8345E-02 -2.9560E-03
  3.1623E-03  3.5167E+00  3.5688E+00 -1.2073E-01 -1.1817E-01 -4.1930E-02 -4.1798E-02 -3.2369E-03 -3.2398E-03  2.7218E+00 -1.0016E-01 -3.5356E-02 -2.7403E-03
  3.5481E-03  3.3347E+00  3.3906E+00 -1.1551E-01 -1.1295E-01 -3.8627E-02 -3.8495E-02 -2.9931E-03 -2.9948E-03  2.5777E+00 -9.5749E-02 -3.2554E-02 -2.5330E-03
  3.9811E-03  3.1610E+00  3.2209E+00 -1.1044E-01 -1.0788E-01 -3.5534E-02 -3.5401E-02 -2.7594E-03 -2.7599E-03  2.4404E+00 -9.1465E-02 -2.9930E-02 -2.3344E-03
  4.4668E-03  2.9952E+00  3.0593E+00 -1.0551E-01 -1.0299E-01 -3.2641E-02 -3.2507E-02 -2.5361E-03 -2.5352E-03  2.3096E+00 -8.7309E-02 -2.7476E-02 -2.1446E-03
  5.0119E-03  2.8370E+00  2.9057E+00 -1.0073E-01 -9.8258E-02 -2.9938E-02 -2.9804E-02 -2.3232E-03 -2.3208E-03  2.1850E+00 -8.3280E-02 -2.5183E-02 -1.9636E-03
  5.6234E-03  2.6861E+00  2.7596E+00 -9.6100E-02 -9.3693E-02 -2.7416E-02 -2.7281E-02 -2.1209E-03 -2.1167E-03  2.0665E+00 -7.9376E-02 -2.3045E-02 -1.7915E-03
  6.3096E-03  2.5422E+00  2.6208E+00 -9.1608E-02 -8.9293E-02 -2.5067E-02 -2.4932E-02 -1.9289E-03 -1.9229E-03  1.9537E+00 -7.5595E-02 -2.1053E-02 -1.6282E-03
  7.0795E-03  2.4050E+00  2.4891E+00 -8.7255E-02 -8.5057E-02 -2.2882E-02 -2.2746E-02 -1.7475E-03 -1.7393E-03  1.8465E+00 -7.1938E-02 -1.9201E-02 -1.4738E-03
  7.9433E-03  2.2744E+00  2.3642E+00 -8.3038E-02 -8.0984E-02 -2.0853E-02 -2.0717E-02 -1.5763E-03 -1.5658E-03  1.7447E+00 -6.8400E-02 -1.7481E-02 -1.3282E-03
  8.9125E-03  2.1499E+00  2.2459E+00 -7.8954E-02 -7.7075E-02 -1.8973E-02 -1.8836E-02 -1.4155E-03 -1.4024E-03  1.6480E+00 -6.4982E-02 -1.5887E-02 -1.1912E-03
  1.0000E-02  2.0314E+00  2.1338E+00 -7.5000E-02 -7.3328E-02 -1.7233E-02 -1.7095E-02 -1.2648E-03 -1.2490E-03  1.5562E+00 -6.1680E-02 -1.4413E-02 -1.0628E-03
  1.1220E-02  1.9186E+00  2.0278E+00 -7.1170E-02 -6.9741E-02 -1.5627E-02 -1.5489E-02 -1.1241E-03 -1.1053E-03  1.4691E+00 -5.8493E-02 -1.3051E-02 -9.4279E-04
  1.2589E-02  1.8112E+00  1.9276E+00 -6.7463E-02 -6.6313E-02 -1.4147E-02 -1.4009E-02 -9.9336E-04 -9.7125E-04  1.3866E+00 -5.5419E-02 -1.1798E-02 -8.3116E-04
  1.4125E-02  1.7090E+00  1.8330E+00 -6.3873E-02 -6.3042E-02 -1.2786E-02 -1.2649E-02 -8.7230E-04 -8.4665E-04  1.3084E+00 -5.2454E-02 -1.0645E-02 -7.2770E-04
  1.5849E-02  1.6118E+00  1.7437E+00 -6.0395E-02 -5.9924E-02 -1.1538E-02 -1.1403E-02 -7.6079E-04 -7.3136E-04  1.2344E+00 -4.9595E-02 -9.5889E-03 -6.3228E-04
  1.7783E-02  1.5194E+00  1.6595E+00 -5.7025E-02 -5.6957E-02 -1.0397E-02 -1.0264E-02 -6.5865E-04 -6.2519E-04  1.1643E+00 -4.6840E-02 -8.6231E-03 -5.4473E-04
  1.9953E-02  1.4314E+00  1.5802E+00 -5.3757E-02 -5.4136E-02 -9.3566E-03 -9.2270E-03 -5.6571E-04 -5.2797E-04  1.0980E+00 -4.4185E-02 -7.7426E-03 -4.6488E-04
  2.2387E-02  1.3478E+00  1.5055E+00 -5.0586E-02 -5.1455E-02 -8.4102E-03 -8.2861E-03 -4.8176E-04 -4.3954E-04  1.0354E+00 -4.1626E-02 -6.9425E-03 -3.9258E-04
  2.5119E-02  1.2682E+00  1.4352E+00 -4.7505E-02 -4.8907E-02 -7.5523E-03 -7.4359E-03 -4.0660E-04 -3.5973E-04  9.7611E-01 -3.9158E-02 -6.2179E-03 -3.2764E-04
  2.8184E-02  1.1925E+00  1.3691E+00 -4.4507E-02 -4.6484E-02 -6.7773E-03 -6.6712E-03 -3.4002E-04 -2.8838E-04  9.2012E-01 -3.6777E-02 -5.5640E-03 -2.6988E-04
  3.1623E-02  1.1204E+00  1.3069E+00 -4.1586E-02 -4.4177E-02 -6.0796E-03 -5.9871E-03 -2.8180E-04 -2.2533E-04  8.6720E-01 -3.4477E-02 -4.9763E-03 -2.1912E-04
  3.5481E-02  1.0518E+00  1.2483E+00 -3.8734E-02 -4.1973E-02 -5.4536E-03 -5.3789E-03 -2.3167E-04 -1.7044E-04  8.1716E-01 -3.2252E-02 -4.4504E-03 -1.7514E-04
  3.9811E-02  9.8629E-01  1.1930E+00 -3.5945E-02 -3.9858E-02 -4.8940E-03 -4.8418E-03 -1.8938E-04 -1.2358E-04  7.6982E-01 -3.0096E-02 -3.9819E-03 -1.3775E-04
  4.4668E-02  9.2380E-01  1.1408E+00 -3.3210E-02 -3.7816E-02 -4.3955E-03 -4.3715E-03 -1.5462E-04 -8.4593E-05  7.2500E-01 -2.8000E-02 -3.5664E-03 -1.0671E-04
  5.0119E-02  8.6407E-01  1.0913E+00 -3.0521E-02 -3.5828E-02 -3.9526E-03 -3.9633E-03 -1.2706E-04 -5.3363E-05  6.8250E-01 -2.5958E-02 -3.1997E-03 -8.1772E-05
  5.6234E-02  8.0688E-01  1.0442E+00 -2.7872E-02 -3.3872E-02 -3.5600E-03 -3.6127E-03 -1.0632E-04 -2.9754E-05  6.4211E-01 -2.3961E-02 -2.8776E-03 -6.2670E-05
  6.3096E-02  7.5201E-01  9.9915E-01 -2.5257E-02 -3.1925E-02 -3.2122E-03 -3.3151E-03 -9.1967E-05 -1.3624E-05  6.0363E-01 -2.2000E-02 -2.5958E-03 -4.9099E-05
  7.0795E-02  6.9923E-01  9.5571E-01 -2.2669E-02 -2.9961E-02 -2.9038E-03 -3.0656E-03 -8.3485E-05 -4.8140E-06  5.6684E-01 -2.0066E-02 -2.3500E-03 -4.0716E-05
  7.9433E-02  6.4834E-01  9.1350E-01 -2.0105E-02 -2.7950E-02 -2.6291E-03 -2.8591E-03 -8.0291E-05 -3.1301E-06  5.3154E-01 -1.8151E-02 -2.1359E-03 -3.7133E-05
  8.9125E-02  5.9912E-01  8.7206E-01 -1.7563E-02 -2.5864E-02 -2.3825E-03 -2.6897E-03 -8.1702E-05 -8.3223E-06  4.9748E-01 -1.6246E-02 -1.9488E-03 -3.7903E-05
  1.0000E-01  5.5136E-01  8.3094E-01 -1.5047E-02 -2.3672E-02 -2.1582E-03 -2.5510E-03 -8.6927E-05 -2.0054E-05  4.6444E-01 -1.4345E-02 -1.7842E-03 -4.2509E-05
  1.1220E-01  5.0490E-01  7.8964E-01 -1.2562E-02 -2.1348E-02 -1.9504E-03 -2.4359E-03 -9.5053E-05 -3.7860E-05  4.3219E-01 -1.2442E-02 -1.6370E-03 -5.0352E-05
  1.2589E-01  4.5957E-01  7.4768E-01 -1.0119E-02 -1.8867E-02 -1.7536E-03 -2.3362E-03 -1.0504E-04 -6.1097E-05  4.0052E-01 -1.0537E-02 -1.5025E-03 -6.0734E-05
  1.4125E-01  4.1524E-01  7.0456E-01 -7.7370E-03 -1.6213E-02 -1.5623E-03 -2.2427E-03 -1.1573E-04 -8.8871E-05  3.6921E-01 -8.6324E-03 -1.3753E-03 -7.2842E-05
  1.5849E-01  3.7184E-01  6.5981E-01 -5.4415E-03 -1.3381E-02 -1.3718E-03 -2.1452E-03 -1.2582E-04 -1.1996E-04  3.3808E-01 -6.7360E-03 -1.2504E-03 -8.5737E-05
  1.7783E-01  3.2936E-01  6.1303E-01 -3.2665E-03 -1.0381E-02 -1.1780E-03 -2.0325E-03 -1.3394E-04 -1.5274E-04  3.0699E-01 -4.8642E-03 -1.1229E-03 -9.8343E-05
  1.9953E-01  2.8785E-01  5.6388E-01 -1.2545E-03 -7.2451E-03 -9.7851E-04 -1.8934E-03 -1.3869E-04 -1.8508E-04  2.7584E-01 -3.0420E-03 -9.8821E-04 -1.0945E-04
  2.2387E-01  2.4748E-01  5.1218E-01  5.4388E-04 -4.0324E-03 -7.7249E-04 -1.7167E-03 -1.3872E-04 -2.1429E-04  2.4460E-01 -1.3047E-03 -8.4279E-04 -1.1775E-04
  2.5119E-01  2.0851E-01  4.5793E-01  2.0722E-03 -8.3447E-04 -5.6176E-04 -1.4933E-03 -1.3290E-04 -2.3714E-04  2.1337E-01  3.0130E-04 -6.8456E-04 -1.2185E-04
  2.8184E-01  1.7132E-01  4.0139E-01  3.2723E-03  2.2215E-03 -3.5117E-04 -1.2175E-03 -1.2048E-04 -2.4998E-04  1.8233E-01  1.7192E-03 -5.1364E-04 -1.2045E-04
  3.1623E-01  1.3640E-01  3.4314E-01  4.0908E-03  4.9729E-03 -1.4897E-04 -8.8995E-04 -1.0137E-04 -2.4900E-04  1.5181E-01  2.8844E-03 -3.3324E-04 -1.1245E-04
  3.5481E-01  1.0436E-01  2.8417E-01  4.4888E-03  7.2285E-03  3.3181E-05 -5.2057E-04 -7.6403E-05 -2.3090E-04  1.2230E-01  3.7299E-03 -1.5048E-04 -9.7253E-05
  3.9811E-01  7.5860E-02  2.2589E-01  4.4543E-03  8.7860E-03  1.8119E-04 -1.3140E-04 -4.7608E-05 -1.9374E-04  9.4430E-02  4.1959E-03  2.3168E-05 -7.5138E-05
  4.4668E-01  5.1566E-02  1.7018E-01  4.0159E-03  9.4627E-03  2.8057E-04  2.4138E-04 -1.8295E-05 -1.3838E-04  6.8972E-02  4.2436E-03  1.7206E-04 -4.7637E-05
  5.0119E-01  3.2019E-02  1.1926E-01  3.2551E-03  9.1433E-03  3.2020E-04  5.4844E-04  7.1545E-06 -6.9948E-05  4.6753E-02  3.8736E-03  2.7806E-04 -1.7914E-05
  5.6234E-01  1.7517E-02  7.5538E-02  2.3104E-03  7.8429E-03  2.9737E-04  7.3392E-04  2.4103E-05  7.9472E-07  2.8560E-02  3.1449E-03  3.2436E-04  9.1709E-06
  6.3096E-01  7.9463E-03  4.1215E-02  1.3647E-03  5.7738E-03  2.2331E-04  7.5126E-04  2.9248E-05  5.7574E-05  1.4973E-02  2.1902E-03  3.0203E-04  2.7680E-05
  7.0795E-01  2.6684E-03  1.7707E-02  6.0657E-04  3.3875E-03  1.2581E-04  5.9042E-04  2.2857E-05  8.2194E-05  6.1520E-03  1.2125E-03  2.1884E-04  3.2466E-05
  7.9433E-01  5.1421E-04  4.8970E-03  1.6098E-04  1.3288E-03  4.3321E-05  3.1260E-04  1.0531E-05  6.4570E-05  1.6174E-03  4.4687E-04  1.0716E-04  2.2728E-05
  8.9125E-01  2.5240E-05  4.5869E-04  1.2079E-05  1.9628E-04  4.5727E-06  6.7171E-05  1.5544E-06  2.0545E-05  1.4293E-04  6.1638E-05  2.1258E-05  6.5602E-06


# Q =   100.0000
# x  F3Wp(LO) F3Wm(LO) F3Wp(NLO) F3Wm(NLO) F3Wp(NNLO) F3Wm(NNLO) F3Wp(N3LO) F3Wm(N3LO) F3Z(LO) F3Z(NLO) F3Z(NNLO) F3Z(N3LO)
  1.0000E-05  4.1027E+04 -4.0465E+04 -1.5136E+03  1.5501E+03 -1.7205E+02  1.7548E+02 -1.7732E+01  1.8293E+01  1.4913E+02  9.1387E+00  8.5031E-01  2.4403E-01
  1.1220E-05  3.5916E+04 -3.5379E+04 -1.3235E+03  1.3580E+03 -1.5057E+02  1.5367E+02 -1.5549E+01  1.5994E+01  1.4245E+02  8.6242E+00  7.6510E-01  1.9904E-01
  1.2589E-05  3.1440E+04 -3.0926E+04 -1.1570E+03  1.1896E+03 -1.3177E+02  1.3455E+02 -1.3636E+01  1.3979E+01  1.3608E+02  8.1335E+00  6.8619E-01  1.5900E-01
  1.4125E-05  2.7519E+04 -2.7028E+04 -1.0114E+03  1.0420E+03 -1.1530E+02  1.1779E+02 -1.1960E+01  1.2212E+01  1.2999E+02  7.6655E+00  6.1322E-01  1.2351E-01
  1.5849E-05  2.4086E+04 -2.3617E+04 -8.8388E+02  9.1276E+02 -1.0088E+02  1.0311E+02 -1.0492E+01  1.0665E+01  1.2418E+02  7.2191E+00  5.4584E-01  9.2175E-02
  1.7783E-05  2.1080E+04 -2.0631E+04 -7.7232E+02  7.9951E+02 -8.8262E+01  9.0236E+01 -9.2064E+00  9.3091E+00  1.1863E+02  6.7935E+00  4.8372E-01  6.4646E-02
  1.9953E-05  1.8448E+04 -1.8018E+04 -6.7472E+02  7.0028E+02 -7.7213E+01  7.8958E+01 -8.0796E+00  8.1218E+00  1.1333E+02  6.3876E+00  4.2653E-01  4.0588E-02
  2.2387E-05  1.6143E+04 -1.5733E+04 -5.8934E+02  6.1336E+02 -6.7542E+01  6.9077E+01 -7.0923E+00  7.0822E+00  1.0828E+02  6.0008E+00  3.7397E-01  1.9693E-02
  2.5119E-05  1.4126E+04 -1.3733E+04 -5.1467E+02  5.3721E+02 -5.9079E+01  6.0420E+01 -6.2271E+00  6.1723E+00  1.0345E+02  5.6320E+00  3.2575E-01  1.6716E-03
  2.8184E-05  1.2360E+04 -1.1984E+04 -4.4936E+02  4.7050E+02 -5.1672E+01  5.2837E+01 -5.4689E+00  5.3762E+00  9.8837E+01  5.2806E+00  2.8160E-01 -1.3743E-02
  3.1623E-05  1.0815E+04 -1.0455E+04 -3.9227E+02  4.1207E+02 -4.5192E+01  4.6194E+01 -4.8043E+00  4.6798E+00  9.4436E+01  4.9457E+00  2.4126E-01 -2.6801E-02
  3.5481E-05  9.4620E+03 -9.1183E+03 -3.4236E+02  3.6089E+02 -3.9522E+01  4.0377E+01 -4.2217E+00  4.0710E+00  9.0235E+01  4.6267E+00  2.0449E-01 -3.7731E-02
  3.9811E-05  8.2783E+03 -7.9495E+03 -2.9874E+02  3.1605E+02 -3.4562E+01  3.5283E+01 -3.7109E+00  3.5390E+00  8.6224E+01  4.3229E+00  1.7104E-01 -4.6748E-02
  4.4668E-05  7.2425E+03 -6.9280E+03 -2.6062E+02  2.7678E+02 -3.0224E+01  3.0822E+01 -3.2629E+00  3.0742E+00  8.2394E+01  4.0337E+00  1.4070E-01 -5.4051E-02
  5.0119E-05  6.3362E+03 -6.0354E+03 -2.2733E+02  2.4238E+02 -2.6430E+01  2.6917E+01 -2.8699E+00  2.6684E+00  7.8738E+01  3.7584E+00  1.1325E-01 -5.9820E-02
  5.6234E-05  5.5433E+03 -5.2556E+03 -1.9824E+02  2.1225E+02 -2.3111E+01  2.3499E+01 -2.5252E+00  2.3144E+00  7.5247E+01  3.4964E+00  8.8494E-02 -6.4226E-02
  6.3096E-05  4.8497E+03 -4.5745E+03 -1.7284E+02  1.8586E+02 -2.0210E+01  2.0507E+01 -2.2226E+00  2.0056E+00  7.1914E+01  3.2472E+00  6.6247E-02 -6.7423E-02
  7.0795E-05  4.2430E+03 -3.9797E+03 -1.5067E+02  1.6274E+02 -1.7673E+01  1.7889E+01 -1.9569E+00  1.7364E+00  6.8731E+01  3.0102E+00  4.6326E-02 -6.9555E-02
  7.9433E-05  3.7123E+03 -3.4604E+03 -1.3132E+02  1.4249E+02 -1.5455E+01  1.5599E+01 -1.7236E+00  1.5020E+00  6.5692E+01  2.7850E+00  2.8563E-02 -7.0752E-02
  8.9125E-05  3.2481E+03 -3.0072E+03 -1.1443E+02  1.2475E+02 -1.3515E+01  1.3595E+01 -1.5186E+00  1.2980E+00  6.2790E+01  2.5710E+00  1.2797E-02 -7.1134E-02
  1.0000E-04  2.8422E+03 -2.6117E+03 -9.9702E+01  1.0921E+02 -1.1820E+01  1.1843E+01 -1.3384E+00  1.1206E+00  6.0018E+01  2.3678E+00 -1.1243E-03 -7.0812E-02
  1.1220E-04  2.4872E+03 -2.2667E+03 -8.6855E+01  9.5590E+01 -1.0338E+01  1.0312E+01 -1.1800E+00  9.6645E-01  5.7371E+01  2.1750E+00 -1.3343E-02 -6.9885E-02
  1.2589E-04  2.1768E+03 -1.9659E+03 -7.5654E+01  8.3659E+01 -9.0433E+00  8.9727E+00 -1.0406E+00  8.3262E-01  5.4843E+01  1.9920E+00 -2.3995E-02 -6.8445E-02
  1.4125E-04  1.9054E+03 -1.7036E+03 -6.5891E+01  7.3205E+01 -7.9113E+00  7.8027E+00 -9.1797E-01  7.1656E-01  5.2428E+01  1.8187E+00 -3.3207E-02 -6.6574E-02
  1.5849E-04  1.6681E+03 -1.4750E+03 -5.7385E+01  6.4043E+01 -6.9219E+00  6.7806E+00 -8.0995E-01  6.1600E-01  5.0121E+01  1.6544E+00 -4.1099E-02 -6.4348E-02
  1.7783E-04  1.4606E+03 -1.2759E+03 -4.9975E+01  5.6013E+01 -6.0573E+00  5.8881E+00 -7.1477E-01  5.2898E-01  4.7917E+01  1.4989E+00 -4.7784E-02 -6.1834E-02
  1.9953E-04  1.2792E+03 -1.1025E+03 -4.3523E+01  4.8975E+01 -5.3015E+00  5.1089E+00 -6.3087E-01  4.5375E-01  4.5811E+01  1.3518E+00 -5.3369E-02 -5.9092E-02
  2.2387E-04  1.1206E+03 -9.5151E+02 -3.7907E+01  4.2805E+01 -4.6410E+00  4.4290E+00 -5.5686E-01  3.8881E-01  4.3798E+01  1.2128E+00 -5.7953E-02 -5.6178E-02
  2.5119E-04  9.8198E+02 -8.2018E+02 -3.3020E+01  3.7395E+01 -4.0638E+00  3.8360E+00 -4.9155E-01  3.3282E-01  4.1874E+01  1.0816E+00 -6.1629E-02 -5.3140E-02
  2.8184E-04  8.6076E+02 -7.0596E+02 -2.8769E+01  3.2650E+01 -3.5592E+00  3.3189E+00 -4.3387E-01  2.8462E-01  4.0035E+01  9.5781E-01 -6.4487E-02 -5.0021E-02
  3.1623E-04  7.5478E+02 -6.0668E+02 -2.5072E+01  2.8489E+01 -3.1181E+00  2.8684E+00 -3.8291E-01  2.4318E-01  3.8277E+01  8.4118E-01 -6.6606E-02 -4.6860E-02
  3.5481E-04  6.6211E+02 -5.2043E+02 -2.1859E+01  2.4839E+01 -2.7325E+00  2.4760E+00 -3.3786E-01  2.0762E-01  3.6596E+01  7.3142E-01 -6.8066E-02 -4.3689E-02
  3.9811E-04  5.8109E+02 -4.4555E+02 -1.9067E+01  2.1637E+01 -2.3954E+00  2.1344E+00 -2.9802E-01  1.7715E-01  3.4988E+01  6.2825E-01 -6.8937E-02 -4.0539E-02
  4.4668E-04  5.1024E+02 -3.8059E+02 -1.6643E+01  1.8827E+01 -2.1007E+00  1.8374E+00 -2.6275E-01  1.5108E-01  3.3451E+01  5.3143E-01 -6.9286E-02 -3.7434E-02
  5.0119E-04  4.4828E+02 -3.2427E+02 -1.4537E+01  1.6360E+01 -1.8429E+00  1.5792E+00 -2.3154E-01  1.2884E-01  3.1980E+01  4.4069E-01 -6.9175E-02 -3.4396E-02
  5.6234E-04  3.9409E+02 -2.7547E+02 -1.2710E+01  1.4195E+01 -1.6174E+00  1.3549E+00 -2.0388E-01  1.0988E-01  3.0572E+01  3.5581E-01 -6.8662E-02 -3.1443E-02
  6.3096E-04  3.4669E+02 -2.3324E+02 -1.1124E+01  1.2294E+01 -1.4202E+00  1.1603E+00 -1.7939E-01  9.3763E-02  2.9225E+01  2.7653E-01 -6.7801E-02 -2.8591E-02
  7.0795E-04  3.0521E+02 -1.9672E+02 -9.7490E+00  1.0624E+01 -1.2475E+00  9.9153E-01 -1.5767E-01  8.0086E-02  2.7935E+01  2.0266E-01 -6.6641E-02 -2.5853E-02
  7.9433E-04  2.6892E+02 -1.6517E+02 -8.5565E+00  9.1585E+00 -1.0964E+00  8.4537E-01 -1.3843E-01  6.8506E-02  2.6700E+01  1.3396E-01 -6.5228E-02 -2.3237E-02
  8.9125E-04  2.3715E+02 -1.3795E+02 -7.5226E+00  7.8711E+00 -9.6417E-01  7.1890E-01 -1.2137E-01  5.8722E-02  2.5517E+01  7.0236E-02 -6.3603E-02 -2.0753E-02
  1.0000E-03  2.0933E+02 -1.1450E+02 -6.6265E+00  6.7403E+00 -8.4832E-01  6.0960E-01 -1.0625E-01  5.0473E-02  2.4384E+01  1.1290E-02 -6.1806E-02 -1.8406E-02
  1.1220E-03  1.8496E+02 -9.4317E+01 -5.8498E+00  5.7472E+00 -7.4684E-01  5.1524E-01 -9.2842E-02  4.3533E-02  2.3299E+01 -4.3070E-02 -5.9872E-02 -1.6200E-02
  1.2589E-03  1.6361E+02 -7.6981E+01 -5.1767E+00  4.8750E+00 -6.5790E-01  4.3390E-01 -8.0967E-02  3.7706E-02  2.2258E+01 -9.3030E-02 -5.7833E-02 -1.4136E-02
  1.4125E-03  1.4489E+02 -6.2116E+01 -4.5932E+00  4.1093E+00 -5.7995E-01  3.6387E-01 -7.0451E-02  3.2822E-02  2.1261E+01 -1.3877E-01 -5.5717E-02 -1.2217E-02
  1.5849E-03  1.2847E+02 -4.9395E+01 -4.0874E+00  3.4373E+00 -5.1159E-01  3.0367E-01 -6.1144E-02  2.8734E-02  2.0304E+01 -1.8045E-01 -5.3553E-02 -1.0440E-02
  1.7783E-03  1.1406E+02 -3.8536E+01 -3.6487E+00  2.8477E+00 -4.5163E-01  2.5201E-01 -5.2914E-02  2.5316E-02  1.9386E+01 -2.1825E-01 -5.1362E-02 -8.8059E-03
  1.9953E-03  1.0141E+02 -2.9290E+01 -3.2680E+00  2.3308E+00 -3.9901E-01  2.0776E-01 -4.5645E-02  2.2459E-02  1.8506E+01 -2.5233E-01 -4.9167E-02 -7.3104E-03
  2.2387E-03  9.0290E+01 -2.1443E+01 -2.9372E+00  1.8780E+00 -3.5283E-01  1.6991E-01 -3.9233E-02  2.0070E-02  1.7661E+01 -2.8283E-01 -4.6986E-02 -5.9504E-03
  2.5119E-03  8.0509E+01 -1.4806E+01 -2.6496E+00  1.4818E+00 -3.1228E-01  1.3760E-01 -3.3586E-02  1.8069E-02  1.6850E+01 -3.0991E-01 -4.4836E-02 -4.7219E-03
  2.8184E-03  7.1898E+01 -9.2167E+00 -2.3991E+00  1.1356E+00 -2.7666E-01  1.1009E-01 -2.8622E-02  1.6388E-02  1.6070E+01 -3.3372E-01 -4.2731E-02 -3.6198E-03
  3.1623E-03  6.4310E+01 -4.5326E+00 -2.1805E+00  8.3371E-01 -2.4538E-01  8.6698E-02 -2.4268E-02  1.4969E-02  1.5322E+01 -3.5440E-01 -4.0684E-02 -2.6390E-03
  3.5481E-03  5.7615E+01 -6.3018E-01 -1.9893E+00  5.7097E-01 -2.1789E-01  6.6864E-02 -2.0460E-02  1.3763E-02  1.4602E+01 -3.7208E-01 -3.8704E-02 -1.7737E-03
  3.9811E-03  5.1702E+01  2.5978E+00 -1.8216E+00  3.4298E-01 -1.9374E-01  5.0082E-02 -1.7139E-02  1.2729E-02  1.3911E+01 -3.8689E-01 -3.6802E-02 -1.0178E-03
  4.4668E-03  4.6471E+01  5.2447E+00 -1.6739E+00  1.4583E-01 -1.7251E-01  3.5917E-02 -1.4253E-02  1.1831E-02  1.3246E+01 -3.9897E-01 -3.4984E-02 -3.6515E-04
  5.0119E-03  4.1838E+01  7.3915E+00 -1.5434E+00 -2.3897E-02 -1.5385E-01  2.3989E-02 -1.1756E-02  1.1042E-02  1.2606E+01 -4.0843E-01 -3.3256E-02  1.9081E-04
  5.6234E-03  3.7728E+01  9.1087E+00 -1.4276E+00 -1.6923E-01 -1.3745E-01  1.3970E-02 -9.6058E-03  1.0338E-02  1.1990E+01 -4.1541E-01 -3.1621E-02  6.5654E-04
  6.3096E-03  3.4075E+01  1.0457E+01 -1.3242E+00 -2.9281E-01 -1.2304E-01  5.5761E-03 -7.7647E-03  9.6974E-03  1.1397E+01 -4.2002E-01 -3.0082E-02  1.0386E-03
  7.0795E-03  3.0823E+01  1.1490E+01 -1.2314E+00 -3.9698E-01 -1.1038E-01 -1.4401E-03 -6.1988E-03  9.1059E-03  1.0827E+01 -4.2238E-01 -2.8641E-02  1.3436E-03
  7.9433E-03  2.7921E+01  1.2253E+01 -1.1476E+00 -4.8382E-01 -9.9254E-02 -7.2906E-03 -4.8775E-03  8.5501E-03  1.0277E+01 -4.2260E-01 -2.7297E-02  1.5778E-03
  8.9125E-03  2.5327E+01  1.2785E+01 -1.0713E+00 -5.5513E-01 -8.9485E-02 -1.2158E-02 -3.7732E-03  8.0198E-03  9.7470E+00 -4.2079E-01 -2.6050E-02  1.7477E-03
  1.0000E-02  2.3003E+01  1.3122E+01 -1.0014E+00 -6.1254E-01 -8.0906E-02 -1.6198E-02 -2.8610E-03  7.5070E-03  9.2362E+00 -4.1706E-01 -2.4897E-02  1.8595E-03
  1.1220E-02  2.0916E+01  1.3293E+01 -9.3688E-01 -6.5749E-01 -7.3374E-02 -1.9545E-02 -2.1181E-03  7.0058E-03  8.7436E+00 -4.1153E-01 -2.3835E-02  1.9191E-03
  1.2589E-02  1.9036E+01  1.3324E+01 -8.7689E-01 -6.9124E-01 -6.6761E-02 -2.2312E-02 -1.5243E-03  6.5116E-03  8.2685E+00 -4.0429E-01 -2.2860E-02  1.9323E-03
  1.4125E-02  1.7340E+01  1.3236E+01 -8.2069E-01 -7.1494E-01 -6.0954E-02 -2.4593E-02 -1.0608E-03  6.0213E-03  7.8100E+00 -3.9546E-01 -2.1968E-02  1.9047E-03
  1.5849E-02  1.5805E+01  1.3050E+01 -7.6768E-01 -7.2961E-01 -5.5851E-02 -2.6470E-02 -7.1085E-04  5.5330E-03  7.3675E+00 -3.8514E-01 -2.1151E-02  1.8417E-03
  1.7783E-02  1.4412E+01  1.2780E+01 -7.1735E-01 -7.3615E-01 -5.1363E-02 -2.8007E-02 -4.5915E-04  5.0456E-03  6.9403E+00 -3.7344E-01 -2.0404E-02  1.7481E-03
  1.9953E-02  1.3144E+01  1.2443E+01 -6.6928E-01 -7.3541E-01 -4.7408E-02 -2.9258E-02 -2.9182E-04  4.5586E-03  6.5278E+00 -3.6045E-01 -1.9718E-02  1.6289E-03
  2.2387E-02  1.1987E+01  1.2050E+01 -6.2314E-01 -7.2814E-01 -4.3914E-02 -3.0267E-02 -1.9620E-04  4.0724E-03  6.1294E+00 -3.4630E-01 -1.9087E-02  1.4885E-03
  2.5119E-02  1.0928E+01  1.1611E+01 -5.7866E-01 -7.1501E-01 -4.0815E-02 -3.1066E-02 -1.6081E-04  3.5877E-03  5.7445E+00 -3.3110E-01 -1.8501E-02  1.3312E-03
  2.8184E-02  9.9566E+00  1.1136E+01 -5.3562E-01 -6.9667E-01 -3.8051E-02 -3.1681E-02 -1.7514E-04  3.1058E-03  5.3728E+00 -3.1494E-01 -1.7952E-02  1.1610E-03
  3.1623E-02  9.0629E+00  1.0632E+01 -4.9389E-01 -6.7369E-01 -3.5568E-02 -3.2129E-02 -2.2964E-04  2.6283E-03  5.0137E+00 -2.9795E-01 -1.7429E-02  9.8167E-04
  3.5481E-02  8.2387E+00  1.0107E+01 -4.5335E-01 -6.4665E-01 -3.3316E-02 -3.2422E-02 -3.1555E-04  2.1569E-03  4.6669E+00 -2.8025E-01 -1.6922E-02  7.9662E-04
  3.9811E-02  7.4767E+00  9.5658E+00 -4.1396E-01 -6.1604E-01 -3.1252E-02 -3.2566E-02 -4.2483E-04  1.6939E-03  4.3320E+00 -2.6195E-01 -1.6423E-02  6.0919E-04
  4.4668E-02  6.7708E+00  9.0137E+00 -3.7568E-01 -5.8238E-01 -2.9334E-02 -3.2561E-02 -5.5009E-04  1.2416E-03  4.0087E+00 -2.4319E-01 -1.5919E-02  4.2244E-04
  5.0119E-02  6.1157E+00  8.4551E+00 -3.3855E-01 -5.4615E-01 -2.7526E-02 -3.2405E-02 -6.8451E-04  8.0268E-04  3.6969E+00 -2.2410E-01 -1.5401E-02  2.3930E-04
  5.6234E-02  5.5068E+00  7.8939E+00 -3.0262E-01 -5.0782E-01 -2.5796E-02 -3.2090E-02 -8.2181E-04  3.7998E-04  3.3964E+00 -2.0481E-01 -1.4860E-02  6.2483E-05
  6.3096E-02  4.9401E+00  7.3335E+00 -2.6796E-01 -4.6786E-01 -2.4114E-02 -3.1610E-02 -9.5613E-04 -2.3339E-05  3.1070E+00 -1.8548E-01 -1.4285E-02 -1.0539E-04
  7.0795E-02  4.4125E+00  6.7770E+00 -2.3468E-01 -4.2672E-01 -2.2456E-02 -3.0952E-02 -1.0821E-03 -4.0385E-04  2.8288E+00 -1.6625E-01 -1.3669E-02 -2.6186E-04
  7.9433E-02  3.9212E+00  6.2272E+00 -2.0292E-01 -3.8489E-01 -2.0801E-02 -3.0107E-02 -1.1946E-03 -7.5785E-04  2.5618E+00 -1.4727E-01 -1.3003E-02 -4.0458E-04
  8.9125E-02  3.4641E+00  5.6865E+00 -1.7283E-01 -3.4282E-01 -1.9136E-02 -2.9065E-02 -1.2893E-03 -1.0813E-03  2.3060E+00 -1.2872E-01 -1.2282E-02 -5.3129E-04
  1.0000E-01  3.0392E+00  5.1574E+00 -1.4455E-01 -3.0100E-01 -1.7449E-02 -2.7816E-02 -1.3619E-03 -1.3701E-03  2.0618E+00 -1.1076E-01 -1.1501E-02 -6.3992E-04
  1.1220E-01  2.6452E+00  4.6422E+00 -1.1828E-01 -2.5992E-01 -1.5736E-02 -2.6354E-02 -1.4091E-03 -1.6195E-03  1.8293E+00 -9.3565E-02 -1.0659E-02 -7.2851E-04
  1.2589E-01  2.2810E+00  4.1432E+00 -9.4175E-02 -2.2006E-01 -1.3999E-02 -2.4679E-02 -1.4278E-03 -1.8251E-03  1.6088E+00 -7.7296E-02 -9.7570E-03 -7.9534E-04
  1.4125E-01  1.9459E+00  3.6627E+00 -7.2402E-02 -1.8193E-01 -1.2247E-02 -2.2795E-02 -1.4160E-03 -1.9821E-03  1.4008E+00 -6.2128E-02 -8.8000E-03 -8.3898E-04
  1.5849E-01  1.6394E+00  3.2029E+00 -5.3111E-02 -1.4600E-01 -1.0494E-02 -2.0713E-02 -1.3727E-03 -2.0863E-03  1.2058E+00 -4.8221E-02 -7.7963E-03 -8.5837E-04
  1.7783E-01  1.3610E+00  2.7661E+00 -3.6422E-02 -1.1276E-01 -8.7640E-03 -1.8457E-02 -1.2979E-03 -2.1336E-03  1.0243E+00 -3.5723E-02 -6.7587E-03 -8.5302E-04
  1.9953E-01  1.1106E+00  2.3546E+00 -2.2417E-02 -8.2669E-02 -7.0845E-03 -1.6057E-02 -1.1934E-03 -2.1212E-03  8.5676E-01 -2.4764E-02 -5.7044E-03 -8.2309E-04
  2.2387E-01  8.8799E-01  1.9709E+00 -1.1123E-02 -5.6129E-02 -5.4900E-03 -1.3560E-02 -1.0623E-03 -2.0476E-03  7.0382E-01 -1.5445E-02 -4.6550E-03 -7.6964E-04
  2.5119E-01  6.9301E-01  1.6173E+00 -2.5020E-03 -3.3492E-02 -4.0186E-03 -1.1025E-02 -9.0977E-04 -1.9134E-03  5.6598E-01 -7.8314E-03 -3.6365E-03 -6.9482E-04
  2.8184E-01  5.2530E-01  1.2960E+00  3.5639E-03 -1.5020E-02 -2.7096E-03 -8.5227E-03 -7.4295E-04 -1.7222E-03  4.4370E-01 -1.9423E-03 -2.6777E-03 -6.0200E-04
  3.1623E-01  3.8431E-01  1.0092E+00  7.2817E-03 -8.5289E-04 -1.5996E-03 -6.1376E-03 -5.7067E-04 -1.4812E-03  3.3732E-01  2.2597E-03 -1.8092E-03 -4.9597E-04
  3.5481E-01  2.6911E-01  7.5869E-01  8.9518E-03  9.0202E-03 -7.1882E-04 -3.9621E-03 -4.0325E-04 -1.2022E-03  2.4696E-01  4.8766E-03 -1.0610E-03 -3.8288E-04
  3.9811E-01  1.7834E-01  5.4571E-01  8.9647E-03  1.4799E-02 -8.4794E-05 -2.0908E-03 -2.5163E-04 -9.0166E-04  1.7250E-01  6.0810E-03 -4.5920E-04 -2.7015E-04
  4.4668E-01  1.1010E-01  3.7089E-01  7.7856E-03  1.6899E-02  3.0243E-04 -6.1092E-04 -1.2616E-04 -6.0134E-04  1.1346E-01  6.1173E-03 -2.2268E-05 -1.6599E-04
  5.0119E-01  6.1866E-02  2.3385E-01  5.9233E-03  1.5973E-02  4.6522E-04  4.1170E-04 -3.4884E-05 -3.2678E-04  6.8955E-02  5.2944E-03  2.4363E-04 -7.8607E-05
  5.6234E-01  3.0523E-02  1.3294E-01  3.8816E-03  1.2905E-02  4.5030E-04  9.5036E-04  1.8511E-05 -1.0501E-04  3.7599E-02  3.9678E-03  3.4896E-04 -1.4960E-05
  6.3096E-01  1.2448E-02  6.4963E-02  2.0929E-03  8.7608E-03  3.2588E-04  1.0379E-03  3.6674E-05  4.0489E-05  1.7518E-02  2.5066E-03  3.2400E-04  2.0967E-05
  7.0795E-01  3.7474E-03  2.4951E-02  8.4222E-04  4.6787E-03  1.7075E-04  7.8492E-04  2.9560E-05  9.7712E-05  6.3686E-03  1.2429E-03  2.1879E-04  3.0136E-05
  7.9433E-01  6.4585E-04  6.1603E-03  2.0115E-04  1.6564E-03  5.3642E-05  3.8426E-04  1.2846E-05  7.7242E-05  1.4747E-03  4.0616E-04  9.6665E-05  2.0154E-05
  8.9125E-01  2.8303E-05  5.1461E-04  1.3522E-05  2.1959E-04  5.1069E-06  7.4883E-05  1.7305E-06  2.2788E-05  1.1420E-04  4.9238E-05  1.6964E-05  5.2245E-06


