# Q =     5.0000
# x  F1Wp(LO) F1Wm(LO) F1Wp(NLO) F1Wm(NLO) F1Wp(NNLO) F1Wm(NNLO) F1Wp(N3LO) F1Wm(N3LO) F1Z(LO) F1Z(NLO) F1Z(NNLO) F1Z(N3LO)
  1.0000E-05  4.3289E+05  4.3292E+05 -9.7383E+04 -9.7372E+04 -1.8956E+04 -1.8953E+04 -4.5471E+03 -4.5478E+03  2.8906E+05 -7.8893E+04 -1.5120E+04 -3.6379E+03
  1.1220E-05  3.7537E+05  3.7540E+05 -8.4701E+04 -8.4691E+04 -1.6755E+04 -1.6752E+04 -4.0275E+03 -4.0282E+03  2.5075E+05 -6.8634E+04 -1.3383E+04 -3.2266E+03
  1.2589E-05  3.2545E+05  3.2548E+05 -7.3658E+04 -7.3648E+04 -1.4800E+04 -1.4797E+04 -3.5602E+03 -3.5608E+03  2.1748E+05 -5.9699E+04 -1.1836E+04 -2.8557E+03
  1.4125E-05  2.8214E+05  2.8216E+05 -6.4042E+04 -6.4033E+04 -1.3065E+04 -1.3062E+04 -3.1412E+03 -3.1418E+03  1.8861E+05 -5.1917E+04 -1.0461E+04 -2.5224E+03
  1.5849E-05  2.4456E+05  2.4458E+05 -5.5672E+04 -5.5663E+04 -1.1526E+04 -1.1524E+04 -2.7666E+03 -2.7672E+03  1.6354E+05 -4.5142E+04 -9.2397E+03 -2.2238E+03
  1.7783E-05  2.1195E+05  2.1197E+05 -4.8387E+04 -4.8378E+04 -1.0163E+04 -1.0160E+04 -2.4325E+03 -2.4330E+03  1.4179E+05 -3.9243E+04 -8.1556E+03 -1.9569E+03
  1.9953E-05  1.8367E+05  1.8369E+05 -4.2047E+04 -4.2038E+04 -8.9549E+03 -8.9526E+03 -2.1353E+03 -2.1358E+03  1.2292E+05 -3.4108E+04 -7.1940E+03 -1.7191E+03
  2.2387E-05  1.5914E+05  1.5916E+05 -3.6530E+04 -3.6522E+04 -7.8861E+03 -7.8839E+03 -1.8714E+03 -1.8719E+03  1.0654E+05 -2.9640E+04 -6.3418E+03 -1.5078E+03
  2.5119E-05  1.3787E+05  1.3789E+05 -3.1732E+04 -3.1724E+04 -6.9408E+03 -6.9388E+03 -1.6377E+03 -1.6382E+03  9.2335E+04 -2.5751E+04 -5.5871E+03 -1.3203E+03
  2.8184E-05  1.1942E+05  1.1945E+05 -2.7558E+04 -2.7551E+04 -6.1053E+03 -6.1035E+03 -1.4312E+03 -1.4316E+03  8.0013E+04 -2.2369E+04 -4.9191E+03 -1.1543E+03
  3.1623E-05  1.0343E+05  1.0345E+05 -2.3928E+04 -2.3921E+04 -5.3674E+03 -5.3657E+03 -1.2489E+03 -1.2493E+03  6.9326E+04 -1.9427E+04 -4.3284E+03 -1.0078E+03
  3.5481E-05  8.9572E+04  8.9592E+04 -2.0773E+04 -2.0766E+04 -4.7160E+03 -4.7144E+03 -1.0883E+03 -1.0887E+03  6.0059E+04 -1.6868E+04 -3.8063E+03 -8.7856E+02
  3.9811E-05  7.7558E+04  7.7577E+04 -1.8030E+04 -1.8023E+04 -4.1413E+03 -4.1398E+03 -9.4719E+02 -9.4755E+02  5.2024E+04 -1.4643E+04 -3.3452E+03 -7.6486E+02
  4.4668E-05  6.7146E+04  6.7165E+04 -1.5645E+04 -1.5639E+04 -3.6346E+03 -3.6333E+03 -8.2330E+02 -8.2363E+02  4.5057E+04 -1.2709E+04 -2.9382E+03 -6.6498E+02
  5.0119E-05  5.8125E+04  5.8143E+04 -1.3574E+04 -1.3568E+04 -3.1881E+03 -3.1869E+03 -7.1473E+02 -7.1503E+02  3.9019E+04 -1.1028E+04 -2.5792E+03 -5.7740E+02
  5.6234E-05  5.0308E+04  5.0326E+04 -1.1774E+04 -1.1768E+04 -2.7950E+03 -2.7939E+03 -6.1972E+02 -6.2001E+02  3.3785E+04 -9.5674E+03 -2.2627E+03 -5.0071E+02
  6.3096E-05  4.3537E+04  4.3554E+04 -1.0210E+04 -1.0205E+04 -2.4490E+03 -2.4479E+03 -5.3672E+02 -5.3698E+02  2.9250E+04 -8.2983E+03 -1.9839E+03 -4.3368E+02
  7.0795E-05  3.7673E+04  3.7689E+04 -8.8524E+03 -8.8474E+03 -2.1446E+03 -2.1436E+03 -4.6429E+02 -4.6454E+02  2.5320E+04 -7.1959E+03 -1.7385E+03 -3.7517E+02
  7.9433E-05  3.2594E+04  3.2609E+04 -7.6735E+03 -7.6687E+03 -1.8770E+03 -1.8762E+03 -4.0119E+02 -4.0142E+02  2.1915E+04 -6.2386E+03 -1.5225E+03 -3.2418E+02
  8.9125E-05  2.8196E+04  2.8211E+04 -6.6501E+03 -6.6455E+03 -1.6419E+03 -1.6411E+03 -3.4629E+02 -3.4650E+02  1.8965E+04 -5.4074E+03 -1.3326E+03 -2.7979E+02
  1.0000E-04  2.4388E+04  2.4403E+04 -5.7618E+03 -5.7575E+03 -1.4355E+03 -1.4348E+03 -2.9858E+02 -2.9878E+02  1.6411E+04 -4.6858E+03 -1.1657E+03 -2.4122E+02
  1.1220E-04  2.1091E+04  2.1106E+04 -4.9911E+03 -4.9870E+03 -1.2543E+03 -1.2537E+03 -2.5718E+02 -2.5736E+02  1.4199E+04 -4.0595E+03 -1.0191E+03 -2.0773E+02
  1.2589E-04  1.8238E+04  1.8252E+04 -4.3224E+03 -4.3185E+03 -1.0954E+03 -1.0948E+03 -2.2130E+02 -2.2146E+02  1.2283E+04 -3.5161E+03 -8.9047E+02 -1.7871E+02
  1.4125E-04  1.5769E+04  1.5782E+04 -3.7424E+03 -3.7387E+03 -9.5605E+02 -9.5552E+02 -1.9023E+02 -1.9039E+02  1.0624E+04 -3.0447E+03 -7.7758E+02 -1.5358E+02
  1.5849E-04  1.3632E+04  1.3645E+04 -3.2394E+03 -3.2360E+03 -8.3398E+02 -8.3349E+02 -1.6337E+02 -1.6351E+02  9.1885E+03 -2.6358E+03 -6.7861E+02 -1.3186E+02
  1.7783E-04  1.1783E+04  1.1796E+04 -2.8034E+03 -2.8001E+03 -7.2707E+02 -7.2664E+02 -1.4017E+02 -1.4031E+02  7.9458E+03 -2.2812E+03 -5.9188E+02 -1.1309E+02
  1.9953E-04  1.0184E+04  1.0196E+04 -2.4254E+03 -2.4223E+03 -6.3351E+02 -6.3312E+02 -1.2016E+02 -1.2028E+02  6.8702E+03 -1.9739E+03 -5.1592E+02 -9.6910E+01
  2.2387E-04  8.8006E+03  8.8123E+03 -2.0979E+03 -2.0949E+03 -5.5166E+02 -5.5131E+02 -1.0292E+02 -1.0303E+02  5.9395E+03 -1.7074E+03 -4.4944E+02 -8.2966E+01
  2.5119E-04  7.6041E+03  7.6155E+03 -1.8141E+03 -1.8113E+03 -4.8011E+02 -4.7980E+02 -8.8074E+01 -8.8178E+01  5.1343E+03 -1.4766E+03 -3.9129E+02 -7.0967E+01
  2.8184E-04  6.5695E+03  6.5805E+03 -1.5683E+03 -1.5657E+03 -4.1758E+02 -4.1731E+02 -7.5312E+01 -7.5407E+01  4.4377E+03 -1.2766E+03 -3.4045E+02 -6.0652E+01
  3.1623E-04  5.6749E+03  5.6855E+03 -1.3554E+03 -1.3530E+03 -3.6298E+02 -3.6274E+02 -6.4349E+01 -6.4437E+01  3.8351E+03 -1.1034E+03 -2.9602E+02 -5.1795E+01
  3.5481E-04  4.9016E+03  4.9118E+03 -1.1712E+03 -1.1689E+03 -3.1533E+02 -3.1512E+02 -5.4943E+01 -5.5024E+01  3.3140E+03 -9.5343E+02 -2.5724E+02 -4.4198E+01
  3.9811E-04  4.2331E+03  4.2430E+03 -1.0117E+03 -1.0095E+03 -2.7376E+02 -2.7358E+02 -4.6880E+01 -4.6954E+01  2.8633E+03 -8.2360E+02 -2.2339E+02 -3.7688E+01
  4.4668E-04  3.6553E+03  3.6649E+03 -8.7362E+02 -8.7160E+02 -2.3752E+02 -2.3736E+02 -3.9975E+01 -4.0043E+01  2.4737E+03 -7.1124E+02 -1.9386E+02 -3.2116E+01
  5.0119E-04  3.1560E+03  3.1653E+03 -7.5421E+02 -7.5232E+02 -2.0595E+02 -2.0581E+02 -3.4067E+01 -3.4129E+01  2.1368E+03 -6.1403E+02 -1.6813E+02 -2.7350E+01
  5.6234E-04  2.7246E+03  2.7335E+03 -6.5094E+02 -6.4917E+02 -1.7845E+02 -1.7833E+02 -2.9016E+01 -2.9073E+01  1.8456E+03 -5.2994E+02 -1.4571E+02 -2.3278E+01
  6.3096E-04  2.3519E+03  2.3605E+03 -5.6164E+02 -5.5999E+02 -1.5453E+02 -1.5443E+02 -2.4703E+01 -2.4754E+01  1.5940E+03 -4.5723E+02 -1.2620E+02 -1.9803E+01
  7.0795E-04  2.0299E+03  2.0383E+03 -4.8444E+02 -4.8291E+02 -1.3372E+02 -1.3363E+02 -2.1021E+01 -2.1068E+01  1.3765E+03 -3.9437E+02 -1.0922E+02 -1.6838E+01
  7.9433E-04  1.7518E+03  1.7599E+03 -4.1773E+02 -4.1630E+02 -1.1563E+02 -1.1556E+02 -1.7881E+01 -1.7925E+01  1.1885E+03 -3.4004E+02 -9.4461E+01 -1.4312E+01
  8.9125E-04  1.5116E+03  1.5195E+03 -3.6009E+02 -3.5877E+02 -9.9920E+01 -9.9862E+01 -1.5206E+01 -1.5245E+01  1.0262E+03 -2.9310E+02 -8.1635E+01 -1.2161E+01
  1.0000E-03  1.3043E+03  1.3118E+03 -3.1031E+02 -3.0909E+02 -8.6281E+01 -8.6235E+01 -1.2928E+01 -1.2964E+01  8.8589E+02 -2.5255E+02 -7.0498E+01 -1.0330E+01
  1.1220E-03  1.1252E+03  1.1325E+03 -2.6732E+02 -2.6620E+02 -7.4449E+01 -7.4413E+01 -1.0989E+01 -1.1021E+01  7.6473E+02 -2.1754E+02 -6.0834E+01 -8.7733E+00
  1.2589E-03  9.7063E+02  9.7769E+02 -2.3022E+02 -2.2918E+02 -6.4191E+01 -6.4164E+01 -9.3393E+00 -9.3689E+00  6.6008E+02 -1.8732E+02 -5.2455E+01 -7.4501E+00
  1.4125E-03  8.3720E+02  8.4402E+02 -1.9819E+02 -1.9724E+02 -5.5305E+01 -5.5286E+01 -7.9370E+00 -7.9638E+00  5.6972E+02 -1.6124E+02 -4.5194E+01 -6.3261E+00
  1.5849E-03  7.2204E+02  7.2863E+02 -1.7056E+02 -1.6969E+02 -4.7611E+01 -4.7599E+01 -6.7453E+00 -6.7696E+00  4.9169E+02 -1.3874E+02 -3.8906E+01 -5.3717E+00
  1.7783E-03  6.2266E+02  6.2903E+02 -1.4674E+02 -1.4594E+02 -4.0955E+01 -4.0949E+01 -5.7329E+00 -5.7549E+00  4.2432E+02 -1.1933E+02 -3.3466E+01 -4.5616E+00
  1.9953E-03  5.3691E+02  5.4305E+02 -1.2619E+02 -1.2547E+02 -3.5201E+01 -3.5199E+01 -4.8730E+00 -4.8929E+00  3.6617E+02 -1.0260E+02 -2.8762E+01 -3.8742E+00
  2.2387E-03  4.6292E+02  4.6886E+02 -1.0848E+02 -1.0783E+02 -3.0230E+01 -3.0233E+01 -4.1429E+00 -4.1608E+00  3.1597E+02 -8.8181E+01 -2.4698E+01 -3.2910E+00
  2.5119E-03  3.9909E+02  4.0482E+02 -9.3221E+01 -9.2640E+01 -2.5939E+01 -2.5945E+01 -3.5230E+00 -3.5390E+00  2.7264E+02 -7.5756E+01 -2.1190E+01 -2.7964E+00
  2.8184E-03  3.4403E+02  3.4957E+02 -8.0076E+01 -7.9558E+01 -2.2238E+01 -2.2247E+01 -2.9966E+00 -3.0110E+00  2.3524E+02 -6.5056E+01 -1.8164E+01 -2.3768E+00
  3.1623E-03  2.9654E+02  3.0189E+02 -6.8756E+01 -6.8298E+01 -1.9048E+01 -1.9060E+01 -2.5497E+00 -2.5626E+00  2.0298E+02 -5.5842E+01 -1.5556E+01 -2.0208E+00
  3.5481E-03  2.5559E+02  2.6074E+02 -5.9011E+01 -5.8610E+01 -1.6302E+01 -1.6315E+01 -2.1702E+00 -2.1817E+00  1.7513E+02 -4.7912E+01 -1.3311E+01 -1.7189E+00
  3.9811E-03  2.2027E+02  2.2525E+02 -5.0625E+01 -5.0277E+01 -1.3938E+01 -1.3953E+01 -1.8479E+00 -1.8581E+00  1.5111E+02 -4.1090E+01 -1.1378E+01 -1.4626E+00
  4.4668E-03  1.8981E+02  1.9462E+02 -4.3411E+01 -4.3113E+01 -1.1907E+01 -1.1922E+01 -1.5741E+00 -1.5831E+00  1.3039E+02 -3.5222E+01 -9.7174E+00 -1.2451E+00
  5.0119E-03  1.6356E+02  1.6819E+02 -3.7206E+01 -3.6956E+01 -1.0162E+01 -1.0178E+01 -1.3414E+00 -1.3493E+00  1.1251E+02 -3.0177E+01 -8.2908E+00 -1.0604E+00
  5.6234E-03  1.4092E+02  1.4539E+02 -3.1873E+01 -3.1667E+01 -8.6641E+00 -8.6810E+00 -1.1436E+00 -1.1505E+00  9.7085E+01 -2.5842E+01 -7.0668E+00 -9.0349E-01
  6.3096E-03  1.2141E+02  1.2572E+02 -2.7289E+01 -2.7125E+01 -7.3802E+00 -7.3973E+00 -9.7529E-01 -9.8125E-01  8.3782E+01 -2.2118E+01 -6.0175E+00 -7.7014E-01
  7.0795E-03  1.0459E+02  1.0874E+02 -2.3351E+01 -2.3226E+01 -6.2805E+00 -6.2976E+00 -8.3210E-01 -8.3721E-01  7.2307E+01 -1.8920E+01 -5.1189E+00 -6.5675E-01
  7.9433E-03  9.0095E+01  9.4094E+01 -1.9969E+01 -1.9880E+01 -5.3394E+00 -5.3563E+00 -7.1020E-01 -7.1451E-01  6.2410E+01 -1.6175E+01 -4.3501E+00 -5.6027E-01
  8.9125E-03  7.7601E+01  8.1453E+01 -1.7067E+01 -1.7011E+01 -4.5349E+00 -4.5515E+00 -6.0637E-01 -6.0996E-01  5.3873E+01 -1.3819E+01 -3.6929E+00 -4.7814E-01
  1.0000E-02  6.6833E+01  7.0542E+01 -1.4576E+01 -1.4551E+01 -3.8478E+00 -3.8640E+00 -5.1789E-01 -5.2081E-01  4.6510E+01 -1.1799E+01 -3.1319E+00 -4.0818E-01
  1.1220E-02  5.7554E+01  6.1123E+01 -1.2439E+01 -1.2443E+01 -3.2616E+00 -3.2773E+00 -4.4246E-01 -4.4477E-01  4.0160E+01 -1.0068E+01 -2.6533E+00 -3.4857E-01
  1.2589E-02  4.9557E+01  5.2991E+01 -1.0607E+01 -1.0637E+01 -2.7619E+00 -2.7772E+00 -3.7812E-01 -3.7987E-01  3.4682E+01 -8.5842E+00 -2.2456E+00 -2.9774E-01
  1.4125E-02  4.2667E+01  4.5968E+01 -9.0365E+00 -9.0912E+00 -2.3365E+00 -2.3512E+00 -3.2322E-01 -3.2447E-01  2.9957E+01 -7.3135E+00 -1.8985E+00 -2.5438E-01
  1.5849E-02  3.6729E+01  3.9901E+01 -7.6913E+00 -7.7677E+00 -1.9746E+00 -1.9889E+00 -2.7637E-01 -2.7716E-01  2.5880E+01 -6.2258E+00 -1.6034E+00 -2.1739E-01
  1.7783E-02  3.1612E+01  3.4659E+01 -6.5393E+00 -6.6352E+00 -1.6671E+00 -1.6810E+00 -2.3636E-01 -2.3674E-01  2.2362E+01 -5.2952E+00 -1.3528E+00 -1.8581E-01
  1.9953E-02  2.7203E+01  3.0127E+01 -5.5533E+00 -5.6665E+00 -1.4061E+00 -1.4196E+00 -2.0221E-01 -2.0222E-01  1.9327E+01 -4.4992E+00 -1.1402E+00 -1.5884E-01
  2.2387E-02  2.3403E+01  2.6207E+01 -4.7097E+00 -4.8382E+00 -1.1848E+00 -1.1979E+00 -1.7304E-01 -1.7273E-01  1.6707E+01 -3.8189E+00 -9.6003E-01 -1.3582E-01
  2.5119E-02  2.0128E+01  2.2814E+01 -3.9883E+00 -4.1300E+00 -9.9733E-01 -1.0102E+00 -1.4812E-01 -1.4754E-01  1.4445E+01 -3.2377E+00 -8.0751E-01 -1.1615E-01
  2.8184E-02  1.7305E+01  1.9877E+01 -3.3717E+00 -3.5245E+00 -8.3867E-01 -8.5135E-01 -1.2684E-01 -1.2604E-01  1.2492E+01 -2.7414E+00 -6.7854E-01 -9.9357E-02
  3.1623E-02  1.4871E+01  1.7331E+01 -2.8449E+00 -3.0070E+00 -7.0454E-01 -7.1715E-01 -1.0866E-01 -1.0768E-01  1.0804E+01 -2.3178E+00 -5.6961E-01 -8.5014E-02
  3.5481E-02  1.2773E+01  1.5122E+01 -2.3952E+00 -2.5645E+00 -5.9125E-01 -6.0390E-01 -9.3139E-02 -9.2018E-02  9.3447E+00 -1.9565E+00 -4.7770E-01 -7.2765E-02
  3.9811E-02  1.0964E+01  1.3204E+01 -2.0114E+00 -2.1861E+00 -4.9566E-01 -5.0844E-01 -7.9879E-02 -7.8668E-02  8.0828E+00 -1.6484E+00 -4.0025E-01 -6.2306E-02
  4.4668E-02  9.4030E+00  1.1537E+01 -1.6841E+00 -1.8623E+00 -4.1506E-01 -4.2807E-01 -6.8551E-02 -6.7300E-02  6.9908E+00 -1.3858E+00 -3.3504E-01 -5.3376E-02
  5.0119E-02  8.0562E+00  1.0085E+01 -1.4052E+00 -1.5851E+00 -3.4715E-01 -3.6050E-01 -5.8873E-02 -5.7630E-02  6.0450E+00 -1.1622E+00 -2.8019E-01 -4.5753E-02
  5.6234E-02  6.8937E+00  8.8193E+00 -1.1678E+00 -1.3475E+00 -2.8998E-01 -3.0375E-01 -5.0601E-02 -4.9417E-02  5.2251E+00 -9.7178E-01 -2.3411E-01 -3.9246E-02
  6.3096E-02  5.8898E+00  7.7134E+00 -9.6579E-01 -1.1436E+00 -2.4188E-01 -2.5613E-01 -4.3527E-02 -4.2454E-02  4.5137E+00 -8.0974E-01 -1.9544E-01 -3.3693E-02
  7.0795E-02  5.0226E+00  6.7452E+00 -7.9416E-01 -9.6841E-01 -2.0141E-01 -2.1622E-01 -3.7473E-02 -3.6561E-02  3.8956E+00 -6.7191E-01 -1.6299E-01 -2.8953E-02
  7.9433E-02  4.2731E+00  5.8957E+00 -6.4854E-01 -8.1755E-01 -1.6737E-01 -1.8277E-01 -3.2285E-02 -3.1587E-02  3.3580E+00 -5.5473E-01 -1.3579E-01 -2.4907E-02
  8.9125E-02  3.6250E+00  5.1485E+00 -5.2520E-01 -6.8737E-01 -1.3874E-01 -1.5474E-01 -2.7831E-02 -2.7398E-02  2.8897E+00 -4.5519E-01 -1.1300E-01 -2.1453E-02
  1.0000E-01  3.0645E+00  4.4894E+00 -4.2099E-01 -5.7479E-01 -1.1464E-01 -1.3123E-01 -2.3998E-02 -2.3879E-02  2.4812E+00 -3.7070E-01 -9.3889E-02 -1.8502E-02
  1.1220E-01  2.5796E+00  3.9065E+00 -3.3321E-01 -4.7720E-01 -9.4344E-02 -1.1145E-01 -2.0690E-02 -2.0930E-02  2.1243E+00 -2.9906E-01 -7.7860E-02 -1.5977E-02
  1.2589E-01  2.1600E+00  3.3893E+00 -2.5957E-01 -3.9242E-01 -7.7221E-02 -9.4755E-02 -1.7821E-02 -1.8460E-02  1.8120E+00 -2.3843E-01 -6.4397E-02 -1.3814E-02
  1.4125E-01  1.7971E+00  2.9292E+00 -1.9815E-01 -3.1865E-01 -6.2756E-02 -8.0572E-02 -1.5319E-02 -1.6389E-02  1.5384E+00 -1.8725E-01 -5.3063E-02 -1.1953E-02
  1.5849E-01  1.4835E+00  2.5187E+00 -1.4730E-01 -2.5444E-01 -5.0514E-02 -6.8418E-02 -1.3122E-02 -1.4642E-02  1.2984E+00 -1.4420E-01 -4.3490E-02 -1.0345E-02
  1.7783E-01  1.2129E+00  2.1516E+00 -1.0564E-01 -1.9859E-01 -4.0140E-02 -5.7883E-02 -1.1178E-02 -1.3150E-02  1.0877E+00 -1.0820E-01 -3.5373E-02 -8.9442E-03
  1.9953E-01  9.8002E-01  1.8227E+00 -7.2004E-02 -1.5021E-01 -3.1343E-02 -4.8626E-02 -9.4402E-03 -1.1849E-02  9.0277E-01 -7.8330E-02 -2.8457E-02 -7.7114E-03
  2.2387E-01  7.8046E-01  1.5278E+00 -4.5384E-02 -1.0859E-01 -2.3893E-02 -4.0368E-02 -7.8731E-03 -1.0677E-02  7.4068E-01 -5.3844E-02 -2.2537E-02 -6.6115E-03
  2.5119E-01  6.1048E-01  1.2637E+00 -2.4915E-02 -7.3248E-02 -1.7612E-02 -3.2897E-02 -6.4482E-03 -9.5742E-03  5.9898E-01 -3.4121E-02 -1.7450E-02 -5.6141E-03
  2.8184E-01  4.6698E-01  1.0278E+00 -9.8255E-03 -4.3833E-02 -1.2369E-02 -2.6062E-02 -5.1463E-03 -8.4893E-03  4.7569E-01 -1.8645E-02 -1.3076E-02 -4.6943E-03
  3.1623E-01  3.4734E-01  8.1824E-01  5.9044E-04 -2.0126E-02 -8.0711E-03 -1.9782E-02 -3.9580E-03 -7.3773E-03  3.6926E-01 -6.9723E-03 -9.3303E-03 -3.8330E-03
  3.5481E-01  2.4932E-01  6.3382E-01  7.0119E-03 -1.9697E-03 -4.6558E-03 -1.4046E-02 -2.8844E-03 -6.2068E-03  2.7844E-01  1.2914E-03 -6.1648E-03 -3.0192E-03
  3.9811E-01  1.7094E-01  4.7386E-01  1.0122E-02  1.0789E-02 -2.0783E-03 -8.9110E-03 -1.9371E-03 -4.9660E-03  2.0225E-01  6.5276E-03 -3.5598E-03 -2.2513E-03
  4.4668E-01  1.1035E-01  3.3809E-01  1.0632E-02  1.8381E-02 -2.9707E-04 -4.5026E-03 -1.1370E-03 -3.6710E-03  1.3987E-01  9.1363E-03 -1.5185E-03 -1.5389E-03
  5.0119E-01  6.5652E-02  2.2643E-01  9.2973E-03  2.1208E-02  7.4523E-04 -9.9360E-04 -5.1031E-04 -2.3742E-03  9.0538E-02  9.5697E-03 -5.4422E-05 -9.0409E-04
  5.6234E-01  3.4837E-02  1.3875E-01  6.9076E-03  1.9950E-02  1.1429E-03  1.4282E-03 -8.0858E-05 -1.1700E-03  5.3440E-02  8.3609E-03  8.2621E-04 -3.7999E-04
  6.3096E-01  1.5601E-02  7.4548E-02  4.2438E-03  1.5662E-02  1.0467E-03  2.6233E-03  1.4258E-04 -1.9220E-04  2.7538E-02  6.1369E-03  1.1497E-03 -5.6416E-06
  7.0795E-01  5.3177E-03  3.2424E-02  1.9878E-03  9.8264E-03  6.7000E-04  2.5990E-03  1.8252E-04  4.0846E-04  1.1426E-02  3.6012E-03  1.0057E-03  1.8643E-04
  7.9433E-01  1.0939E-03  9.5468E-03  5.7929E-04  4.2714E-03  2.6404E-04  1.6445E-03  1.0670E-04  5.2690E-04  3.1873E-03  1.4594E-03  5.7715E-04  1.9314E-04
  8.9125E-01  6.4818E-05  1.0763E-03  5.3675E-05  7.8396E-04  3.5322E-05  4.5806E-04  2.0828E-05  2.3727E-04  3.3745E-04  2.4821E-04  1.4650E-04  7.6834E-05


# Q =     5.0000
# x  F2Wp(LO) F2Wm(LO) F2Wp(NLO) F2Wm(NLO) F2Wp(NNLO) F2Wm(NNLO) F2Wp(N3LO) F2Wm(N3LO) F2Z(LO) F2Z(NLO) F2Z(NNLO) F2Z(N3LO)
  1.0000E-05  8.6578E+00  8.6583E+00  1.0019E-01  1.0045E-01 -7.0735E-01 -7.0726E-01  2.8454E-01  2.8452E-01  5.7813E+00  1.0234E-01 -5.9715E-01  2.4264E-01
  1.1220E-05  8.4235E+00  8.4241E+00  9.2529E-02  9.2808E-02 -6.8957E-01 -6.8947E-01  2.6312E-01  2.6310E-01  5.6269E+00  9.5357E-02 -5.8214E-01  2.2440E-01
  1.2589E-05  8.1945E+00  8.1951E+00  8.5104E-02  8.5405E-02 -6.7202E-01 -6.7191E-01  2.4288E-01  2.4286E-01  5.4759E+00  8.8586E-02 -5.6733E-01  2.0716E-01
  1.4125E-05  7.9706E+00  7.9713E+00  7.7912E-02  7.8236E-02 -6.5470E-01 -6.5459E-01  2.2377E-01  2.2375E-01  5.3283E+00  8.2023E-02 -5.5272E-01  1.9088E-01
  1.5849E-05  7.7519E+00  7.7527E+00  7.0947E-02  7.1295E-02 -6.3762E-01 -6.3750E-01  2.0574E-01  2.0573E-01  5.1839E+00  7.5663E-02 -5.3830E-01  1.7553E-01
  1.7783E-05  7.5382E+00  7.5390E+00  6.4206E-02  6.4581E-02 -6.2078E-01 -6.2066E-01  1.8876E-01  1.8874E-01  5.0429E+00  6.9503E-02 -5.2408E-01  1.6106E-01
  1.9953E-05  7.3293E+00  7.3303E+00  5.7685E-02  5.8088E-02 -6.0417E-01 -6.0405E-01  1.7277E-01  1.7275E-01  4.9050E+00  6.3541E-02 -5.1007E-01  1.4744E-01
  2.2387E-05  7.1254E+00  7.1264E+00  5.1380E-02  5.1813E-02 -5.8781E-01 -5.8768E-01  1.5774E-01  1.5771E-01  4.7703E+00  5.7771E-02 -4.9625E-01  1.3463E-01
  2.5119E-05  6.9262E+00  6.9273E+00  4.5287E-02  4.5752E-02 -5.7169E-01 -5.7155E-01  1.4361E-01  1.4359E-01  4.6387E+00  5.2192E-02 -4.8264E-01  1.2260E-01
  2.8184E-05  6.7316E+00  6.7328E+00  3.9402E-02  3.9901E-02 -5.5581E-01 -5.5567E-01  1.3036E-01  1.3033E-01  4.5102E+00  4.6800E-02 -4.6924E-01  1.1131E-01
  3.1623E-05  6.5417E+00  6.5430E+00  3.3721E-02  3.4257E-02 -5.4018E-01 -5.4002E-01  1.1794E-01  1.1791E-01  4.3846E+00  4.1591E-02 -4.5603E-01  1.0073E-01
  3.5481E-05  6.3563E+00  6.3577E+00  2.8241E-02  2.8816E-02 -5.2478E-01 -5.2462E-01  1.0631E-01  1.0629E-01  4.2619E+00  3.6562E-02 -4.4303E-01  9.0824E-02
  3.9811E-05  6.1753E+00  6.1768E+00  2.2958E-02  2.3575E-02 -5.0963E-01 -5.0946E-01  9.5447E-02  9.5419E-02  4.1422E+00  3.1710E-02 -4.3024E-01  8.1564E-02
  4.4668E-05  5.9986E+00  6.0003E+00  1.7866E-02  1.8528E-02 -4.9472E-01 -4.9455E-01  8.5303E-02  8.5273E-02  4.0253E+00  2.7031E-02 -4.1764E-01  7.2921E-02
  5.0119E-05  5.8263E+00  5.8281E+00  1.2964E-02  1.3673E-02 -4.8006E-01 -4.7988E-01  7.5847E-02  7.5816E-02  3.9111E+00  2.2521E-02 -4.0526E-01  6.4863E-02
  5.6234E-05  5.6581E+00  5.6601E+00  8.2465E-03  9.0064E-03 -4.6564E-01 -4.6545E-01  6.7046E-02  6.7014E-02  3.7998E+00  1.8178E-02 -3.9308E-01  5.7363E-02
  6.3096E-05  5.4940E+00  5.4962E+00  3.7100E-03  4.5239E-03 -4.5146E-01 -4.5126E-01  5.8868E-02  5.8834E-02  3.6911E+00  1.3999E-02 -3.8110E-01  5.0393E-02
  7.0795E-05  5.3340E+00  5.3363E+00 -6.4937E-04  2.2193E-04 -4.3753E-01 -4.3732E-01  5.1282E-02  5.1247E-02  3.5850E+00  9.9790E-03 -3.6933E-01  4.3928E-02
  7.9433E-05  5.1780E+00  5.1805E+00 -4.8354E-03 -3.9031E-03 -4.2384E-01 -4.2362E-01  4.4258E-02  4.4221E-02  3.4815E+00  6.1157E-03 -3.5776E-01  3.7940E-02
  8.9125E-05  5.0259E+00  5.0286E+00 -8.8519E-03 -7.8547E-03 -4.1039E-01 -4.1017E-01  3.7766E-02  3.7727E-02  3.3806E+00  2.4057E-03 -3.4640E-01  3.2406E-02
  1.0000E-04  4.8776E+00  4.8805E+00 -1.2703E-02 -1.1637E-02 -3.9718E-01 -3.9695E-01  3.1778E-02  3.1738E-02  3.2822E+00 -1.1543E-03 -3.3524E-01  2.7302E-02
  1.1220E-04  4.7330E+00  4.7362E+00 -1.6392E-02 -1.5253E-02 -3.8422E-01 -3.8397E-01  2.6268E-02  2.6227E-02  3.1862E+00 -4.5676E-03 -3.2428E-01  2.2604E-02
  1.2589E-04  4.5921E+00  4.5956E+00 -1.9922E-02 -1.8706E-02 -3.7149E-01 -3.7124E-01  2.1210E-02  2.1167E-02  3.0926E+00 -7.8375E-03 -3.1353E-01  1.8291E-02
  1.4125E-04  4.4548E+00  4.4586E+00 -2.3299E-02 -2.2001E-02 -3.5900E-01 -3.5874E-01  1.6577E-02  1.6533E-02  3.0014E+00 -1.0967E-02 -3.0297E-01  1.4341E-02
  1.5849E-04  4.3211E+00  4.3252E+00 -2.6525E-02 -2.5140E-02 -3.4675E-01 -3.4648E-01  1.2347E-02  1.2301E-02  2.9126E+00 -1.3960E-02 -2.9262E-01  1.0733E-02
  1.7783E-04  4.1908E+00  4.1953E+00 -2.9604E-02 -2.8128E-02 -3.3474E-01 -3.3446E-01  8.4952E-03  8.4476E-03  2.8260E+00 -1.6819E-02 -2.8246E-01  7.4471E-03
  1.9953E-04  4.0640E+00  4.0688E+00 -3.2540E-02 -3.0968E-02 -3.2296E-01 -3.2268E-01  4.9997E-03  4.9507E-03  2.7416E+00 -1.9548E-02 -2.7251E-01  4.4649E-03
  2.2387E-04  3.9404E+00  3.9457E+00 -3.5336E-02 -3.3663E-02 -3.1142E-01 -3.1112E-01  1.8391E-03  1.7885E-03  2.6594E+00 -2.2149E-02 -2.6275E-01  1.7678E-03
  2.5119E-04  3.8201E+00  3.8258E+00 -3.7997E-02 -3.6217E-02 -3.0011E-01 -2.9981E-01 -1.0075E-03 -1.0595E-03  2.5794E+00 -2.4626E-02 -2.5319E-01 -6.6171E-04
  2.8184E-04  3.7031E+00  3.7093E+00 -4.0527E-02 -3.8634E-02 -2.8904E-01 -2.8872E-01 -3.5596E-03 -3.6130E-03  2.5014E+00 -2.6983E-02 -2.4383E-01 -2.8405E-03
  3.1623E-04  3.5891E+00  3.5958E+00 -4.2928E-02 -4.0918E-02 -2.7819E-01 -2.7787E-01 -5.8362E-03 -5.8910E-03  2.4255E+00 -2.9221E-02 -2.3466E-01 -4.7847E-03
  3.5481E-04  3.4783E+00  3.4856E+00 -4.5204E-02 -4.3071E-02 -2.6757E-01 -2.6724E-01 -7.8555E-03 -7.9116E-03  2.3517E+00 -3.1345E-02 -2.2568E-01 -6.5096E-03
  3.9811E-04  3.3704E+00  3.3783E+00 -4.7359E-02 -4.5098E-02 -2.5718E-01 -2.5684E-01 -9.6347E-03 -9.6921E-03  2.2798E+00 -3.3358E-02 -2.1689E-01 -8.0300E-03
  4.4668E-04  3.2655E+00  3.2741E+00 -4.9398E-02 -4.7002E-02 -2.4702E-01 -2.4667E-01 -1.1190E-02 -1.1249E-02  2.2099E+00 -3.5262E-02 -2.0830E-01 -9.3600E-03
  5.0119E-04  3.1635E+00  3.1728E+00 -5.1322E-02 -4.8786E-02 -2.3708E-01 -2.3673E-01 -1.2538E-02 -1.2598E-02  2.1419E+00 -3.7061E-02 -1.9989E-01 -1.0513E-02
  5.6234E-04  3.0643E+00  3.0744E+00 -5.3136E-02 -5.0455E-02 -2.2737E-01 -2.2700E-01 -1.3693E-02 -1.3753E-02  2.0758E+00 -3.8758E-02 -1.9168E-01 -1.1501E-02
  6.3096E-04  2.9679E+00  2.9788E+00 -5.4844E-02 -5.2012E-02 -2.1787E-01 -2.1750E-01 -1.4668E-02 -1.4730E-02  2.0115E+00 -4.0356E-02 -1.8365E-01 -1.2337E-02
  7.0795E-04  2.8741E+00  2.8860E+00 -5.6449E-02 -5.3461E-02 -2.0860E-01 -2.0822E-01 -1.5479E-02 -1.5541E-02  1.9489E+00 -4.1858E-02 -1.7581E-01 -1.3032E-02
  7.9433E-04  2.7830E+00  2.7959E+00 -5.7953E-02 -5.4805E-02 -1.9955E-01 -1.9916E-01 -1.6136E-02 -1.6199E-02  1.8882E+00 -4.3266E-02 -1.6815E-01 -1.3597E-02
  8.9125E-04  2.6945E+00  2.7084E+00 -5.9362E-02 -5.6049E-02 -1.9071E-01 -1.9032E-01 -1.6653E-02 -1.6716E-02  1.8291E+00 -4.4585E-02 -1.6067E-01 -1.4042E-02
  1.0000E-03  2.6085E+00  2.6236E+00 -6.0678E-02 -5.7196E-02 -1.8209E-01 -1.8169E-01 -1.7040E-02 -1.7104E-02  1.7718E+00 -4.5817E-02 -1.5338E-01 -1.4376E-02
  1.1220E-03  2.5250E+00  2.5414E+00 -6.1903E-02 -5.8250E-02 -1.7368E-01 -1.7327E-01 -1.7308E-02 -1.7372E-02  1.7161E+00 -4.6965E-02 -1.4627E-01 -1.4610E-02
  1.2589E-03  2.4439E+00  2.4617E+00 -6.3043E-02 -5.9215E-02 -1.6549E-01 -1.6508E-01 -1.7468E-02 -1.7531E-02  1.6620E+00 -4.8032E-02 -1.3934E-01 -1.4750E-02
  1.4125E-03  2.3652E+00  2.3844E+00 -6.4099E-02 -6.0095E-02 -1.5750E-01 -1.5709E-01 -1.7528E-02 -1.7591E-02  1.6095E+00 -4.9020E-02 -1.3259E-01 -1.4806E-02
  1.5849E-03  2.2887E+00  2.3096E+00 -6.5075E-02 -6.0895E-02 -1.4973E-01 -1.4931E-01 -1.7497E-02 -1.7559E-02  1.5586E+00 -4.9934E-02 -1.2601E-01 -1.4784E-02
  1.7783E-03  2.2145E+00  2.2372E+00 -6.5974E-02 -6.1617E-02 -1.4217E-01 -1.4175E-01 -1.7383E-02 -1.7444E-02  1.5091E+00 -5.0774E-02 -1.1962E-01 -1.4691E-02
  1.9953E-03  2.1425E+00  2.1671E+00 -6.6798E-02 -6.2268E-02 -1.3482E-01 -1.3439E-01 -1.7194E-02 -1.7254E-02  1.4612E+00 -5.1545E-02 -1.1340E-01 -1.4534E-02
  2.2387E-03  2.0727E+00  2.0993E+00 -6.7550E-02 -6.2850E-02 -1.2767E-01 -1.2724E-01 -1.6937E-02 -1.6995E-02  1.4147E+00 -5.2249E-02 -1.0735E-01 -1.4319E-02
  2.5119E-03  2.0049E+00  2.0337E+00 -6.8233E-02 -6.3368E-02 -1.2074E-01 -1.2030E-01 -1.6619E-02 -1.6674E-02  1.3697E+00 -5.2888E-02 -1.0148E-01 -1.4052E-02
  2.8184E-03  1.9392E+00  1.9704E+00 -6.8849E-02 -6.3828E-02 -1.1400E-01 -1.1356E-01 -1.6244E-02 -1.6297E-02  1.3260E+00 -5.3465E-02 -9.5789E-02 -1.3737E-02
  3.1623E-03  1.8755E+00  1.9093E+00 -6.9401E-02 -6.4233E-02 -1.0748E-01 -1.0703E-01 -1.5820E-02 -1.5870E-02  1.2837E+00 -5.3983E-02 -9.0269E-02 -1.3379E-02
  3.5481E-03  1.8137E+00  1.8503E+00 -6.9890E-02 -6.4588E-02 -1.0116E-01 -1.0071E-01 -1.5351E-02 -1.5397E-02  1.2428E+00 -5.4444E-02 -8.4923E-02 -1.2983E-02
  3.9811E-03  1.7538E+00  1.7934E+00 -7.0318E-02 -6.4899E-02 -9.5048E-02 -9.4591E-02 -1.4842E-02 -1.4883E-02  1.2032E+00 -5.4850E-02 -7.9752E-02 -1.2553E-02
  4.4668E-03  1.6957E+00  1.7386E+00 -7.0686E-02 -6.5169E-02 -8.9140E-02 -8.8678E-02 -1.4297E-02 -1.4332E-02  1.1648E+00 -5.5203E-02 -7.4754E-02 -1.2092E-02
  5.0119E-03  1.6395E+00  1.6859E+00 -7.0997E-02 -6.5405E-02 -8.3438E-02 -8.2971E-02 -1.3720E-02 -1.3749E-02  1.1277E+00 -5.5505E-02 -6.9930E-02 -1.1604E-02
  5.6234E-03  1.5849E+00  1.6352E+00 -7.1249E-02 -6.5611E-02 -7.7942E-02 -7.7468E-02 -1.3117E-02 -1.3138E-02  1.0919E+00 -5.5759E-02 -6.5281E-02 -1.1092E-02
  6.3096E-03  1.5321E+00  1.5865E+00 -7.1445E-02 -6.5792E-02 -7.2653E-02 -7.2171E-02 -1.2489E-02 -1.2502E-02  1.0573E+00 -5.5964E-02 -6.0806E-02 -1.0560E-02
  7.0795E-03  1.4809E+00  1.5397E+00 -7.1583E-02 -6.5952E-02 -6.7571E-02 -6.7080E-02 -1.1840E-02 -1.1844E-02  1.0238E+00 -5.6124E-02 -5.6506E-02 -1.0010E-02
  7.9433E-03  1.4313E+00  1.4948E+00 -7.1662E-02 -6.6098E-02 -6.2697E-02 -6.2196E-02 -1.1175E-02 -1.1167E-02  9.9148E-01 -5.6239E-02 -5.2382E-02 -9.4453E-03
  8.9125E-03  1.3832E+00  1.4519E+00 -7.1683E-02 -6.6233E-02 -5.8032E-02 -5.7520E-02 -1.0496E-02 -1.0475E-02  9.6029E-01 -5.6308E-02 -4.8435E-02 -8.8684E-03
  1.0000E-02  1.3367E+00  1.4108E+00 -7.1641E-02 -6.6362E-02 -5.3576E-02 -5.3051E-02 -9.8066E-03 -9.7714E-03  9.3021E-01 -5.6333E-02 -4.4664E-02 -8.2822E-03
  1.1220E-02  1.2915E+00  1.3716E+00 -7.1535E-02 -6.6489E-02 -4.9331E-02 -4.8792E-02 -9.1099E-03 -9.0584E-03  9.0120E-01 -5.6314E-02 -4.1072E-02 -7.6893E-03
  1.2589E-02  1.2478E+00  1.3342E+00 -7.1360E-02 -6.6617E-02 -4.5297E-02 -4.4743E-02 -8.4095E-03 -8.3395E-03  8.7324E-01 -5.6248E-02 -3.7658E-02 -7.0927E-03
  1.4125E-02  1.2054E+00  1.2986E+00 -7.1112E-02 -6.6748E-02 -4.1477E-02 -4.0906E-02 -7.7086E-03 -7.6180E-03  8.4629E-01 -5.6134E-02 -3.4424E-02 -6.4951E-03
  1.5849E-02  1.1642E+00  1.2648E+00 -7.0784E-02 -6.6885E-02 -3.7870E-02 -3.7283E-02 -7.0110E-03 -6.8974E-03  8.2034E-01 -5.5970E-02 -3.1371E-02 -5.8996E-03
  1.7783E-02  1.1243E+00  1.2327E+00 -7.0369E-02 -6.7027E-02 -3.4479E-02 -3.3874E-02 -6.3205E-03 -6.1811E-03  7.9534E-01 -5.5752E-02 -2.8499E-02 -5.3093E-03
  1.9953E-02  1.0855E+00  1.2022E+00 -6.9857E-02 -6.7173E-02 -3.1303E-02 -3.0681E-02 -5.6410E-03 -5.4732E-03  7.7125E-01 -5.5475E-02 -2.5810E-02 -4.7276E-03
  2.2387E-02  1.0478E+00  1.1734E+00 -6.9237E-02 -6.7319E-02 -2.8343E-02 -2.7705E-02 -4.9769E-03 -4.7776E-03  7.4805E-01 -5.5134E-02 -2.3303E-02 -4.1579E-03
  2.5119E-02  1.0112E+00  1.1461E+00 -6.8498E-02 -6.7460E-02 -2.5600E-02 -2.4949E-02 -4.3325E-03 -4.0988E-03  7.2569E-01 -5.4721E-02 -2.0980E-02 -3.6039E-03
  2.8184E-02  9.7544E-01  1.1204E+00 -6.7624E-02 -6.7586E-02 -2.3073E-02 -2.2414E-02 -3.7127E-03 -3.4415E-03  7.0412E-01 -5.4227E-02 -1.8839E-02 -3.0696E-03
  3.1623E-02  9.4055E-01  1.0961E+00 -6.6598E-02 -6.7686E-02 -2.0762E-02 -2.0099E-02 -3.1223E-03 -2.8106E-03  6.8328E-01 -5.3641E-02 -1.6881E-02 -2.5592E-03
  3.5481E-02  9.0642E-01  1.0731E+00 -6.5402E-02 -6.7742E-02 -1.8663E-02 -1.8008E-02 -2.5666E-03 -2.2116E-03  6.6312E-01 -5.2951E-02 -1.5105E-02 -2.0768E-03
  3.9811E-02  8.7296E-01  1.0513E+00 -6.4015E-02 -6.7733E-02 -1.6775E-02 -1.6138E-02 -2.0507E-03 -1.6499E-03  6.4357E-01 -5.2142E-02 -1.3509E-02 -1.6269E-03
  4.4668E-02  8.4003E-01  1.0307E+00 -6.2415E-02 -6.7631E-02 -1.5092E-02 -1.4491E-02 -1.5800E-03 -1.1315E-03  6.2454E-01 -5.1197E-02 -1.2089E-02 -1.2140E-03
  5.0119E-02  8.0753E-01  1.0109E+00 -6.0576E-02 -6.7403E-02 -1.3609E-02 -1.3064E-02 -1.1595E-03 -6.6242E-04  6.0594E-01 -5.0096E-02 -1.0842E-02 -8.4245E-04
  5.6234E-02  7.7532E-01  9.9189E-01 -5.8472E-02 -6.7008E-02 -1.2318E-02 -1.1855E-02 -7.9423E-04 -2.4871E-04  5.8766E-01 -4.8818E-02 -9.7629E-03 -5.1656E-04
  6.3096E-02  7.4324E-01  9.7336E-01 -5.6079E-02 -6.6398E-02 -1.1208E-02 -1.0858E-02 -4.8852E-04  1.0354E-04  5.6959E-01 -4.7340E-02 -8.8439E-03 -2.4029E-04
  7.0795E-02  7.1114E-01  9.5505E-01 -5.3369E-02 -6.5515E-02 -1.0266E-02 -1.0068E-02 -2.4601E-04  3.8845E-04  5.5158E-01 -4.5638E-02 -8.0761E-03 -1.7101E-05
  7.9433E-02  6.7885E-01  9.3662E-01 -5.0320E-02 -6.4295E-02 -9.4758E-03 -9.4736E-03 -6.9280E-05  6.0059E-04  5.3347E-01 -4.3684E-02 -7.4479E-03  1.5024E-04
  8.9125E-02  6.4616E-01  9.1772E-01 -4.6911E-02 -6.2664E-02 -8.8176E-03 -9.0621E-03  4.0511E-05  7.3521E-04  5.1510E-01 -4.1454E-02 -6.9454E-03  2.5993E-04
  1.0000E-01  6.1290E-01  8.9788E-01 -4.3130E-02 -6.0543E-02 -8.2681E-03 -8.8155E-03  8.4025E-05  7.8860E-04  4.9625E-01 -3.8923E-02 -6.5517E-03  3.1144E-04
  1.1220E-01  5.7887E-01  8.7663E-01 -3.8973E-02 -5.7845E-02 -7.8006E-03 -8.7104E-03  6.4161E-05  7.5850E-04  4.7670E-01 -3.6069E-02 -6.2465E-03  3.0580E-04
  1.2589E-01  5.4386E-01  8.5338E-01 -3.4449E-02 -5.4485E-02 -7.3849E-03 -8.7172E-03 -1.3517E-05  6.4465E-04  4.5624E-01 -3.2877E-02 -6.0067E-03  2.4593E-04
  1.4125E-01  5.0769E-01  8.2752E-01 -2.9586E-02 -5.0379E-02 -6.9880E-03 -8.7984E-03 -1.4040E-04  4.4944E-04  4.3461E-01 -2.9340E-02 -5.8056E-03  1.3700E-04
  1.5849E-01  4.7023E-01  7.9837E-01 -2.4434E-02 -4.5455E-02 -6.5751E-03 -8.9082E-03 -3.0453E-04  1.7866E-04  4.1155E-01 -2.5464E-02 -5.6140E-03 -1.3260E-05
  1.7783E-01  4.3137E-01  7.6522E-01 -1.9072E-02 -3.9666E-02 -6.1118E-03 -8.9919E-03 -4.9051E-04 -1.5753E-04  3.8684E-01 -2.1274E-02 -5.4001E-03 -1.9434E-04
  1.9953E-01  3.9108E-01  7.2735E-01 -1.3612E-02 -3.2999E-02 -5.5660E-03 -8.9854E-03 -6.7970E-04 -5.4353E-04  3.6025E-01 -1.6817E-02 -5.1314E-03 -3.9279E-04
  2.2387E-01  3.4944E-01  6.8408E-01 -8.2019E-03 -2.5502E-02 -4.9119E-03 -8.8175E-03 -8.5077E-04 -9.5716E-04  3.3164E-01 -1.2172E-02 -4.7762E-03 -5.9223E-04
  2.5119E-01  3.0669E-01  6.3487E-01 -3.0310E-03 -1.7296E-02 -4.1345E-03 -8.4124E-03 -9.8099E-04 -1.3685E-03  3.0091E-01 -7.4546E-03 -4.3063E-03 -7.7369E-04
  2.8184E-01  2.6322E-01  5.7935E-01  1.6770E-03 -8.6122E-03 -3.2350E-03 -7.6972E-03 -1.0482E-03 -1.7393E-03  2.6814E-01 -2.8226E-03 -3.7015E-03 -9.1638E-04
  3.1623E-01  2.1968E-01  5.1750E-01  5.6721E-03  1.9306E-04 -2.2362E-03 -6.6127E-03 -1.0340E-03 -2.0231E-03  2.3354E-01  1.5211E-03 -2.9548E-03 -9.9907E-04
  3.5481E-01  1.7692E-01  4.4977E-01  8.6988E-03  8.6141E-03 -1.1885E-03 -5.1303E-03 -9.2746E-04 -2.1678E-03  1.9759E-01  5.3316E-03 -2.0786E-03 -1.0024E-03
  3.9811E-01  1.3611E-01  3.7730E-01  1.0531E-02  1.5998E-02 -1.7179E-04 -3.2759E-03 -7.3047E-04 -2.1210E-03  1.6103E-01  8.3356E-03 -1.1128E-03 -9.1250E-04
  4.4668E-01  9.8579E-02  3.0204E-01  1.1022E-02  2.1576E-02  7.0768E-04 -1.1579E-03 -4.6263E-04 -1.8418E-03  1.2495E-01  1.0260E-02 -1.3058E-04 -7.2605E-04
  5.0119E-01  6.5808E-02  2.2696E-01  1.0170E-02  2.4562E-02  1.3307E-03  1.0041E-03 -1.6479E-04 -1.3198E-03  9.0753E-02  1.0883E-02  7.5844E-04 -4.5688E-04
  5.6234E-01  3.9180E-02  1.5605E-01  8.1812E-03  2.4322E-02  1.5937E-03  2.8662E-03  1.0245E-04 -6.0194E-04  6.0103E-02  1.0110E-02  1.4158E-03 -1.4288E-04
  6.3096E-01  1.9687E-02  9.4074E-02  5.5176E-03  2.0669E-02  1.4555E-03  3.9902E-03  2.7044E-04  1.7579E-04  3.4750E-02  8.0692E-03  1.7003E-03  1.4980E-04
  7.0795E-01  7.5293E-03  4.5908E-02  2.8601E-03  1.4243E-02  9.9172E-04  3.9651E-03  2.9021E-04  7.7312E-04  1.6177E-02  5.2121E-03  1.5234E-03  3.3279E-04
  7.9433E-01  1.7379E-03  1.5167E-02  9.2718E-04  6.8581E-03  4.2719E-04  2.6875E-03  1.7599E-04  8.9589E-04  5.0636E-03  2.3421E-03  9.4160E-04  3.2640E-04
  8.9125E-01  1.1554E-04  1.9185E-03  9.5901E-05  1.4020E-03  6.3289E-05  8.2267E-04  3.7465E-05  4.2897E-04  6.0151E-04  4.4384E-04  2.6307E-04  1.3884E-04


# Q =     5.0000
# x  F3Wp(LO) F3Wm(LO) F3Wp(NLO) F3Wm(NLO) F3Wp(NNLO) F3Wm(NNLO) F3Wp(N3LO) F3Wm(N3LO) F3Z(LO) F3Z(NLO) F3Z(NNLO) F3Z(N3LO)
  1.0000E-05  4.3838E+04 -4.3563E+04 -2.9557E+03  3.0092E+03 -6.0867E+02  6.2110E+02 -1.0807E+02  1.1357E+02  7.2082E+01  1.3625E+01  3.1403E+00  2.1910E+00
  1.1220E-05  3.8382E+04 -3.8119E+04 -2.5857E+03  2.6367E+03 -5.3281E+02  5.4423E+02 -9.4720E+01  9.9440E+01  6.9177E+01  1.2992E+01  2.8824E+00  1.8939E+00
  1.2589E-05  3.3603E+04 -3.3350E+04 -2.2617E+03  2.3103E+03 -4.6636E+02  4.7683E+02 -8.3023E+01  8.7039E+01  6.6393E+01  1.2383E+01  2.6408E+00  1.6248E+00
  1.4125E-05  2.9416E+04 -2.9173E+04 -1.9779E+03  2.0242E+03 -4.0815E+02  4.1773E+02 -7.2779E+01  7.6158E+01  6.3725E+01  1.1797E+01  2.4149E+00  1.3817E+00
  1.5849E-05  2.5749E+04 -2.5515E+04 -1.7294E+03  1.7735E+03 -3.5717E+02  3.6592E+02 -6.3807E+01  6.6614E+01  6.1170E+01  1.1235E+01  2.2037E+00  1.1625E+00
  1.7783E-05  2.2537E+04 -2.2312E+04 -1.5119E+03  1.5539E+03 -3.1253E+02  3.2050E+02 -5.5949E+01  5.8244E+01  5.8721E+01  1.0694E+01  2.0066E+00  9.6564E-01
  1.9953E-05  1.9724E+04 -1.9508E+04 -1.3214E+03  1.3614E+03 -2.7343E+02  2.8068E+02 -4.9067E+01  5.0904E+01  5.6375E+01  1.0174E+01  1.8228E+00  7.8927E-01
  2.2387E-05  1.7260E+04 -1.7053E+04 -1.1548E+03  1.1928E+03 -2.3921E+02  2.4578E+02 -4.3041E+01  4.4469E+01  5.4127E+01  9.6737E+00  1.6515E+00  6.3184E-01
  2.5119E-05  1.5103E+04 -1.4904E+04 -1.0089E+03  1.0450E+03 -2.0924E+02  2.1519E+02 -3.7762E+01  3.8829E+01  5.1974E+01  9.1931E+00  1.4923E+00  4.9185E-01
  2.8184E-05  1.3215E+04 -1.3023E+04 -8.8127E+02  9.1559E+02 -1.8301E+02  1.8837E+02 -3.3139E+01  3.3887E+01  4.9910E+01  8.7312E+00  1.3443E+00  3.6791E-01
  3.1623E-05  1.1561E+04 -1.1378E+04 -7.6962E+02  8.0220E+02 -1.6006E+02  1.6488E+02 -2.9090E+01  2.9557E+01  4.7934E+01  8.2871E+00  1.2071E+00  2.5869E-01
  3.5481E-05  1.0114E+04 -9.9374E+03 -6.7196E+02  7.0286E+02 -1.3997E+02  1.4429E+02 -2.5542E+01  2.5766E+01  4.6041E+01  7.8602E+00  1.0799E+00  1.6296E-01
  3.9811E-05  8.8473E+03 -8.6776E+03 -5.8655E+02  6.1584E+02 -1.2239E+02  1.2624E+02 -2.2435E+01  2.2446E+01  4.4227E+01  7.4499E+00  9.6232E-01  7.9563E-02
  4.4668E-05  7.7387E+03 -7.5755E+03 -5.1187E+02  5.3962E+02 -1.0701E+02  1.1044E+02 -1.9712E+01  1.9541E+01  4.2489E+01  7.0556E+00  8.5374E-01  7.4218E-03
  5.0119E-05  6.7685E+03 -6.6117E+03 -4.4659E+02  4.7285E+02 -9.3562E+01  9.6588E+01 -1.7326E+01  1.7000E+01  4.0824E+01  6.6767E+00  7.5365E-01 -5.4474E-02
  5.6234E-05  5.9196E+03 -5.7689E+03 -3.8953E+02  4.1437E+02 -8.1795E+01  8.4456E+01 -1.5234E+01  1.4777E+01  3.9229E+01  6.3126E+00  6.6156E-01 -1.0707E-01
  6.3096E-05  5.1769E+03 -5.0320E+03 -3.3967E+02  3.6313E+02 -7.1503E+01  7.3830E+01 -1.3400E+01  1.2835E+01  3.7700E+01  5.9628E+00  5.7701E-01 -1.5123E-01
  7.0795E-05  4.5272E+03 -4.3878E+03 -2.9611E+02  3.1826E+02 -6.2504E+01  6.4524E+01 -1.1792E+01  1.1138E+01  3.6236E+01  5.6268E+00  4.9955E-01 -1.8779E-01
  7.9433E-05  3.9588E+03 -3.8248E+03 -2.5807E+02  2.7895E+02 -5.4635E+01  5.6374E+01 -1.0382E+01  9.6570E+00  3.4833E+01  5.3041E+00  4.2873E-01 -2.1750E-01
  8.9125E-05  3.4617E+03 -3.3328E+03 -2.2485E+02  2.4451E+02 -4.7756E+01  4.9238E+01 -9.1443E+00  8.3645E+00  3.3488E+01  4.9942E+00  3.6416E-01 -2.4106E-01
  1.0000E-04  3.0270E+03 -2.9029E+03 -1.9585E+02  2.1434E+02 -4.1742E+01  4.2991E+01 -8.0578E+00  7.2375E+00  3.2200E+01  4.6967E+00  3.0543E-01 -2.5913E-01
  1.1220E-04  2.6468E+03 -2.5275E+03 -1.7053E+02  1.8791E+02 -3.6485E+01  3.7523E+01 -7.1037E+00  6.2555E+00  3.0965E+01  4.4111E+00  2.5218E-01 -2.7232E-01
  1.2589E-04  2.3144E+03 -2.1996E+03 -1.4845E+02  1.6476E+02 -3.1891E+01  3.2737E+01 -6.2655E+00  5.4006E+00  2.9781E+01  4.1371E+00  2.0405E-01 -2.8119E-01
  1.4125E-04  2.0238E+03 -1.9133E+03 -1.2919E+02  1.4446E+02 -2.7876E+01  2.8549E+01 -5.5286E+00  4.6570E+00  2.8646E+01  3.8743E+00  1.6069E-01 -2.8624E-01
  1.5849E-04  1.7697E+03 -1.6633E+03 -1.1240E+02  1.2668E+02 -2.4368E+01  2.4886E+01 -4.8806E+00  4.0107E+00  2.7559E+01  3.6223E+00  1.2177E-01 -2.8796E-01
  1.7783E-04  1.5476E+03 -1.4452E+03 -9.7758E+01  1.1109E+02 -2.1302E+01  2.1681E+01 -4.3104E+00  3.4496E+00  2.6516E+01  3.3807E+00  8.7001E-02 -2.8678E-01
  1.9953E-04  1.3535E+03 -1.2549E+03 -8.5004E+01  9.7432E+01 -1.8624E+01  1.8879E+01 -3.8082E+00  2.9630E+00  2.5516E+01  3.1491E+00  5.6072E-02 -2.8310E-01
  2.2387E-04  1.1838E+03 -1.0889E+03 -7.3895E+01  8.5454E+01 -1.6284E+01  1.6429E+01 -3.3658E+00  2.5415E+00  2.4556E+01  2.9274E+00  2.8707E-02 -2.7729E-01
  2.5119E-04  1.0356E+03 -9.4420E+02 -6.4223E+01  7.4949E+01 -1.4240E+01  1.4288E+01 -2.9757E+00  2.1768E+00  2.3636E+01  2.7151E+00  4.6392E-03 -2.6968E-01
  2.8184E-04  9.0600E+02 -8.1801E+02 -5.5806E+01  6.5736E+01 -1.2454E+01  1.2418E+01 -2.6315E+00  1.8618E+00  2.2753E+01  2.5119E+00 -1.6385E-02 -2.6057E-01
  3.1623E-04  7.9279E+02 -7.0805E+02 -4.8484E+01  5.7652E+01 -1.0894E+01  1.0784E+01 -2.3275E+00  1.5901E+00  2.1906E+01  2.3176E+00 -3.4606E-02 -2.5025E-01
  3.5481E-04  6.9388E+02 -6.1226E+02 -4.2118E+01  5.0557E+01 -9.5307E+00  9.3576E+00 -2.0590E+00  1.3561E+00  2.1093E+01  2.1319E+00 -5.0252E-02 -2.3896E-01
  3.9811E-04  6.0746E+02 -5.2883E+02 -3.6585E+01  4.4329E+01 -8.3400E+00  8.1128E+00 -1.8214E+00  1.1549E+00  2.0313E+01  1.9545E+00 -6.3538E-02 -2.2692E-01
  4.4668E-04  5.3196E+02 -4.5621E+02 -3.1780E+01  3.8860E+01 -7.2997E+00  7.0270E+00 -1.6112E+00  9.8222E-01  1.9563E+01  1.7851E+00 -7.4670E-02 -2.1434E-01
  5.0119E-04  4.6600E+02 -3.9302E+02 -2.7609E+01  3.4055E+01 -6.3908E+00  6.0804E+00 -1.4250E+00  8.3436E-01  1.8844E+01  1.6236E+00 -8.3839E-02 -2.0140E-01
  5.6234E-04  4.0838E+02 -3.3806E+02 -2.3990E+01  2.9832E+01 -5.5966E+00  5.2555E+00 -1.2600E+00  7.0802E-01  1.8152E+01  1.4696E+00 -9.1230E-02 -1.8826E-01
  6.3096E-04  3.5804E+02 -2.9027E+02 -2.0852E+01  2.6119E+01 -4.9025E+00  4.5372E+00 -1.1136E+00  6.0030E-01  1.7487E+01  1.3230E+00 -9.7013E-02 -1.7505E-01
  7.0795E-04  3.1407E+02 -2.4876E+02 -1.8133E+01  2.2853E+01 -4.2958E+00  3.9120E+00 -9.8363E-01  5.0870E-01  1.6848E+01  1.1835E+00 -1.0135E-01 -1.6191E-01
  7.9433E-04  2.7565E+02 -2.1271E+02 -1.5778E+01  1.9979E+01 -3.7655E+00  3.3684E+00 -8.6821E-01  4.3101E-01  1.6234E+01  1.0510E+00 -1.0440E-01 -1.4894E-01
  8.9125E-04  2.4209E+02 -1.8142E+02 -1.3741E+01  1.7447E+01 -3.3019E+00  2.8960E+00 -7.6563E-01  3.6531E-01  1.5643E+01  9.2510E-01 -1.0629E-01 -1.3624E-01
  1.0000E-03  2.1276E+02 -1.5428E+02 -1.1979E+01  1.5217E+01 -2.8963E+00  2.4859E+00 -6.7442E-01  3.0993E-01  1.5075E+01  8.0577E-01 -1.0717E-01 -1.2388E-01
  1.1220E-03  1.8713E+02 -1.3076E+02 -1.0456E+01  1.3251E+01 -2.5416E+00  2.1301E+00 -5.9328E-01  2.6339E-01  1.4527E+01  6.9277E-01 -1.0716E-01 -1.1193E-01
  1.2589E-03  1.6474E+02 -1.1040E+02 -9.1416E+00  1.1517E+01 -2.2313E+00  1.8218E+00 -5.2109E-01  2.2442E-01  1.4000E+01  5.8592E-01 -1.0637E-01 -1.0045E-01
  1.4125E-03  1.4516E+02 -9.2782E+01 -8.0074E+00  9.9871E+00 -1.9597E+00  1.5550E+00 -4.5685E-01  1.9191E-01  1.3492E+01  4.8504E-01 -1.0492E-01 -8.9484E-02
  1.5849E-03  1.2804E+02 -7.7555E+01 -7.0294E+00  8.6358E+00 -1.7219E+00  1.3242E+00 -3.9968E-01  1.6490E-01  1.3003E+01  3.8998E-01 -1.0291E-01 -7.9067E-02
  1.7783E-03  1.1307E+02 -6.4408E+01 -6.1868E+00  7.4419E+00 -1.5136E+00  1.1249E+00 -3.4881E-01  1.4254E-01  1.2531E+01  3.0055E-01 -1.0043E-01 -6.9227E-02
  1.9953E-03  9.9973E+01 -5.3072E+01 -5.4613E+00  6.3865E+00 -1.3312E+00  9.5305E-01 -3.0356E-01  1.2411E-01  1.2075E+01  2.1662E-01 -9.7571E-02 -5.9983E-02
  2.2387E-03  8.8512E+01 -4.3310E+01 -4.8370E+00  5.4531E+00 -1.1714E+00  8.0500E-01 -2.6334E-01  1.0898E-01  1.1636E+01  1.3802E-01 -9.4408E-02 -5.1346E-02
  2.5119E-03  7.8478E+01 -3.4917E+01 -4.3000E+00  4.6273E+00 -1.0313E+00  6.7767E-01 -2.2761E-01  9.6607E-02  1.1212E+01  6.4606E-02 -9.1018E-02 -4.3323E-02
  2.8184E-03  6.9689E+01 -2.7714E+01 -3.8384E+00  3.8965E+00 -9.0846E-01  5.6831E-01 -1.9591E-01  8.6528E-02  1.0801E+01 -3.7583E-03 -8.7469E-02 -3.5913E-02
  3.1623E-03  6.1985E+01 -2.1545E+01 -3.4416E+00  3.2496E+00 -8.0077E-01  4.7453E-01 -1.6782E-01  7.8340E-02  1.0405E+01 -6.7213E-02 -8.3820E-02 -2.9112E-02
  3.5481E-03  5.5228E+01 -1.6273E+01 -3.1004E+00  2.6770E+00 -7.0633E-01  3.9423E-01 -1.4296E-01  7.1700E-02  1.0021E+01 -1.2589E-01 -8.0128E-02 -2.2909E-02
  3.9811E-03  4.9297E+01 -1.1779E+01 -2.8069E+00  2.1702E+00 -6.2350E-01  3.2558E-01 -1.2102E-01  6.6314E-02  9.6500E+00 -1.7992E-01 -7.6444E-02 -1.7293E-02
  4.4668E-03  4.4087E+01 -7.9616E+00 -2.5543E+00  1.7219E+00 -5.5086E-01  2.6697E-01 -1.0169E-01  6.1934E-02  9.2903E+00 -2.2942E-01 -7.2811E-02 -1.2245E-02
  5.0119E-03  3.9505E+01 -4.7297E+00 -2.3366E+00  1.3255E+00 -4.8717E-01  2.1700E-01 -8.4714E-02  5.8347E-02  8.9416E+00 -2.7452E-01 -6.9269E-02 -7.7473E-03
  5.6234E-03  3.5471E+01 -2.0055E+00 -2.1485E+00  9.7553E-01 -4.3133E-01  1.7445E-01 -6.9856E-02  5.5377E-02  8.6035E+00 -3.1533E-01 -6.5854E-02 -3.7773E-03
  6.3096E-03  3.1915E+01  2.7905E-01 -1.9855E+00  6.6690E-01 -3.8241E-01  1.3825E-01 -5.6904E-02  5.2874E-02  8.2752E+00 -3.5196E-01 -6.2595E-02 -3.1147E-04
  7.0795E-03  2.8776E+01  2.1830E+00 -1.8438E+00  3.9532E-01 -3.3958E-01  1.0746E-01 -4.5667E-02  5.0716E-02  7.9562E+00 -3.8452E-01 -5.9517E-02  2.6756E-03
  7.9433E-03  2.6000E+01  3.7578E+00 -1.7200E+00  1.5699E-01 -3.0210E-01  8.1282E-02 -3.5973E-02  4.8799E-02  7.6462E+00 -4.1312E-01 -5.6641E-02  5.2102E-03
  8.9125E-03  2.3542E+01  5.0480E+00 -1.6110E+00 -5.1432E-02 -2.6935E-01  5.9001E-02 -2.7667E-02  4.7039E-02  7.3445E+00 -4.3786E-01 -5.3985E-02  7.3197E-03
  1.0000E-02  2.1359E+01  6.0923E+00 -1.5145E+00 -2.3285E-01 -2.4077E-01  4.0011E-02 -2.0609E-02  4.5370E-02  7.0506E+00 -4.5885E-01 -5.1562E-02  9.0319E-03
  1.1220E-02  1.9418E+01  6.9243E+00 -1.4282E+00 -3.8984E-01 -2.1588E-01  2.3784E-02 -1.4669E-02  4.3737E-02  6.7642E+00 -4.7618E-01 -4.9379E-02  1.0375E-02
  1.2589E-02  1.7687E+01  7.5731E+00 -1.3503E+00 -5.2465E-01 -1.9423E-01  9.8654E-03 -9.7326E-03  4.2097E-02  6.4847E+00 -4.8994E-01 -4.7441E-02  1.1376E-02
  1.4125E-02  1.6140E+01  8.0639E+00 -1.2791E+00 -6.3926E-01 -1.7545E-01 -2.1359E-03 -5.6931E-03  4.0419E-02  6.2118E+00 -5.0024E-01 -4.5751E-02  1.2065E-02
  1.5849E-02  1.4752E+01  8.4187E+00 -1.2133E+00 -7.3542E-01 -1.5920E-01 -1.2552E-02 -2.4542E-03  3.8677E-02  5.9450E+00 -5.0718E-01 -4.4304E-02  1.2467E-02
  1.7783E-02  1.3505E+01  8.6563E+00 -1.1518E+00 -8.1468E-01 -1.4518E-01 -2.1665E-02  7.2272E-05  3.6855E-02  5.6840E+00 -5.1084E-01 -4.3095E-02  1.2609E-02
  1.9953E-02  1.2379E+01  8.7931E+00 -1.0934E+00 -8.7840E-01 -1.3311E-01 -2.9711E-02  1.9671E-03  3.4941E-02  5.4283E+00 -5.1133E-01 -4.2113E-02  1.2519E-02
  2.2387E-02  1.1359E+01  8.8432E+00 -1.0374E+00 -9.2779E-01 -1.2276E-01 -3.6885E-02  3.3041E-03  3.2928E-02  5.1777E+00 -5.0874E-01 -4.1344E-02  1.2220E-02
  2.5119E-02  1.0432E+01  8.8187E+00 -9.8306E-01 -9.6396E-01 -1.1390E-01 -4.3346E-02  4.1513E-03  3.0814E-02  4.9317E+00 -5.0318E-01 -4.0771E-02  1.1737E-02
  2.8184E-02  9.5863E+00  8.7303E+00 -9.2985E-01 -9.8787E-01 -1.0633E-01 -4.9220E-02  4.5710E-03  2.8600E-02  4.6901E+00 -4.9476E-01 -4.0373E-02  1.1093E-02
  3.1623E-02  8.8114E+00  8.5869E+00 -8.7729E-01 -1.0004E+00 -9.9869E-02 -5.4601E-02  4.6211E-03  2.6288E-02  4.4525E+00 -4.8359E-01 -4.0125E-02  1.0311E-02
  3.5481E-02  8.0984E+00  8.3963E+00 -8.2504E-01 -1.0024E+00 -9.4333E-02 -5.9557E-02  4.3549E-03  2.3885E-02  4.2187E+00 -4.6980E-01 -3.9997E-02  9.4122E-03
  3.9811E-02  7.4397E+00  8.1654E+00 -7.7281E-01 -9.9459E-01 -8.9565E-02 -6.4131E-02  3.8223E-03  2.1398E-02  3.9885E+00 -4.5351E-01 -3.9958E-02  8.4165E-03
  4.4668E-02  6.8286E+00  7.9000E+00 -7.2045E-01 -9.7769E-01 -8.5413E-02 -6.8342E-02  3.0700E-03  1.8838E-02  3.7616E+00 -4.3487E-01 -3.9973E-02  7.3438E-03
  5.0119E-02  6.2593E+00  7.6050E+00 -6.6787E-01 -9.5239E-01 -8.1731E-02 -7.2187E-02  2.1423E-03  1.6216E-02  3.5378E+00 -4.1405E-01 -4.0001E-02  6.2132E-03
  5.6234E-02  5.7270E+00  7.2848E+00 -6.1505E-01 -9.1935E-01 -7.8384E-02 -7.5645E-02  1.0813E-03  1.3545E-02  3.3171E+00 -3.9121E-01 -4.0001E-02  5.0431E-03
  6.3096E-02  5.2273E+00  6.9433E+00 -5.6207E-01 -8.7923E-01 -7.5242E-02 -7.8673E-02 -7.2223E-05  1.0843E-02  3.0994E+00 -3.6656E-01 -3.9929E-02  3.8517E-03
  7.0795E-02  4.7568E+00  6.5838E+00 -5.0906E-01 -8.3271E-01 -7.2183E-02 -8.1216E-02 -1.2785E-03  8.1274E-03  2.8845E+00 -3.4032E-01 -3.9737E-02  2.6572E-03
  7.9433E-02  4.3125E+00  6.2094E+00 -4.5624E-01 -7.8049E-01 -6.9093E-02 -8.3201E-02 -2.4985E-03  5.4206E-03  2.6727E+00 -3.1273E-01 -3.9377E-02  1.4780E-03
  8.9125E-02  3.8921E+00  5.8227E+00 -4.0390E-01 -7.2330E-01 -6.5868E-02 -8.4545E-02 -3.6932E-03  2.7484E-03  2.4639E+00 -2.8408E-01 -3.8802E-02  3.3289E-04
  1.0000E-01  3.4936E+00  5.4264E+00 -3.5240E-01 -6.6193E-01 -6.2418E-02 -8.5156E-02 -4.8240E-03  1.4075E-04  2.2585E+00 -2.5467E-01 -3.7966E-02 -7.5883E-04
  1.1220E-01  3.1158E+00  5.0229E+00 -3.0216E-01 -5.9723E-01 -5.8666E-02 -8.4936E-02 -5.8521E-03 -2.3672E-03  2.0567E+00 -2.2484E-01 -3.6825E-02 -1.7770E-03
  1.2589E-01  2.7577E+00  4.6146E+00 -2.5366E-01 -5.3012E-01 -5.4554E-02 -8.3788E-02 -6.7396E-03 -4.7350E-03  1.8589E+00 -1.9496E-01 -3.5344E-02 -2.7007E-03
  1.4125E-01  2.4188E+00  4.2039E+00 -2.0745E-01 -4.6160E-01 -5.0050E-02 -8.1623E-02 -7.4497E-03 -6.9161E-03  1.6658E+00 -1.6545E-01 -3.3494E-02 -3.5086E-03
  1.5849E-01  2.0990E+00  3.7935E+00 -1.6409E-01 -3.9277E-01 -4.5147E-02 -7.8361E-02 -7.9482E-03 -8.8582E-03  1.4780E+00 -1.3674E-01 -3.1259E-02 -4.1788E-03
  1.7783E-01  1.7987E+00  3.3860E+00 -1.2417E-01 -3.2481E-01 -3.9873E-02 -7.3953E-02 -8.2052E-03 -1.0504E-02  1.2963E+00 -1.0930E-01 -2.8640E-02 -4.6903E-03
  1.9953E-01  1.5184E+00  2.9844E+00 -8.8284E-02 -2.5897E-01 -3.4294E-02 -6.8380E-02 -8.1979E-03 -1.1792E-02  1.1217E+00 -8.3597E-02 -2.5658E-02 -5.0236E-03
  2.2387E-01  1.2592E+00  2.5921E+00 -5.6965E-02 -1.9659E-01 -2.8515E-02 -6.1675E-02 -7.9136E-03 -1.2660E-02  9.5546E-01 -6.0108E-02 -2.2356E-02 -5.1627E-03
  2.5119E-01  1.0221E+00  2.2126E+00 -3.0678E-02 -1.3903E-01 -2.2686E-02 -5.3933E-02 -7.3533E-03 -1.3050E-02  7.9870E-01 -3.9289E-02 -1.8809E-02 -5.0969E-03
  2.8184E-01  8.0843E-01  1.8499E+00 -9.7589E-03 -8.7636E-02 -1.6996E-02 -4.5331E-02 -6.5362E-03 -1.2913E-02  6.5282E-01 -2.1546E-02 -1.5118E-02 -4.8240E-03
  3.1623E-01  6.1952E-01  1.5083E+00  5.6438E-03 -4.3698E-02 -1.1664E-02 -3.6136E-02 -5.5029E-03 -1.2220E-02  5.1926E-01 -7.2067E-03 -1.1416E-02 -4.3531E-03
  3.5481E-01  4.5649E-01  1.1922E+00  1.5620E-02 -8.3213E-03 -6.9280E-03 -2.6719E-02 -4.3189E-03 -1.0971E-02  3.9944E-01  3.5198E-03 -7.8649E-03 -3.7083E-03
  3.9811E-01  3.2010E-01  9.0654E-01  2.0551E-02  1.7681E-02 -3.0188E-03 -1.7555E-02 -3.0740E-03 -9.2147E-03  2.9467E-01  1.0588E-02 -4.6434E-03 -2.9317E-03
  4.4668E-01  2.1056E-01  6.5571E-01  2.1145E-02  3.3940E-02 -1.2533E-04 -9.2065E-03 -1.8784E-03 -7.0579E-03  2.0604E-01  1.4158E-02 -1.9351E-03 -2.0850E-03
  5.0119E-01  1.2721E-01  4.4387E-01  1.8434E-02  4.0711E-02  1.6473E-03 -2.2839E-03 -8.5168E-04 -4.6839E-03  1.3425E-01  1.4637E-02  9.5750E-05 -1.2484E-03
  5.6234E-01  6.8305E-02  2.7419E-01  1.3724E-02  3.9059E-02  2.3243E-03  2.6343E-03 -1.0263E-04 -2.3572E-03  7.9402E-02  1.2691E-02  1.3375E-03 -5.1553E-04
  6.3096E-01  3.0857E-02  1.4815E-01  8.4569E-03  3.1005E-02  2.0992E-03  5.1333E-03  3.0079E-04 -4.1163E-04  4.0810E-02  9.2353E-03  1.7713E-03  2.0672E-05
  7.0795E-01  1.0579E-02  6.4666E-02  3.9704E-03  1.9572E-02  1.3406E-03  5.1607E-03  3.6786E-04  8.0308E-04  1.6808E-02  5.3553E-03  1.5144E-03  2.9119E-04
  7.9433E-01  2.1836E-03  1.9077E-02  1.1585E-03  8.5326E-03  5.2828E-04  3.2830E-03  2.1373E-04  1.0507E-03  4.6311E-03  2.1351E-03  8.5036E-04  2.8779E-04
  8.9125E-01  1.2958E-04  2.1523E-03  1.0737E-04  1.5677E-03  7.0665E-05  9.1593E-04  4.1675E-05  4.7441E-04  4.8155E-04  3.5531E-04  2.1038E-04  1.1075E-04


