# Q =   100.0000
# x  F1Wp(LO) F1Wm(LO) F1Wp(NLO) F1Wm(NLO) F1Wp(NNLO) F1Wm(NNLO) F1Wp(N3LO) F1Wm(N3LO) F1Z(LO) F1Z(NLO) F1Z(NNLO) F1Z(N3LO)
  1.0000E-05  1.6825E+06  1.6826E+06 -2.6403E+05 -2.6402E+05 -3.7447E+04 -3.7445E+04 -3.7710E+03 -3.7712E+03  1.3604E+06 -2.2275E+05 -3.1596E+04 -3.1748E+03
  1.1220E-05  1.4424E+06  1.4425E+06 -2.2590E+05 -2.2589E+05 -3.2151E+04 -3.2150E+04 -3.2291E+03 -3.2293E+03  1.1657E+06 -1.9056E+05 -2.7126E+04 -2.7182E+03
  1.2589E-05  1.2363E+06  1.2363E+06 -1.9323E+05 -1.9322E+05 -2.7595E+04 -2.7594E+04 -2.7637E+03 -2.7638E+03  9.9859E+05 -1.6298E+05 -2.3280E+04 -2.3261E+03
  1.4125E-05  1.0594E+06  1.0595E+06 -1.6523E+05 -1.6523E+05 -2.3677E+04 -2.3676E+04 -2.3641E+03 -2.3643E+03  8.5525E+05 -1.3936E+05 -1.9973E+04 -1.9895E+03
  1.5849E-05  9.0762E+05  9.0767E+05 -1.4126E+05 -1.4125E+05 -2.0308E+04 -2.0307E+04 -2.0213E+03 -2.0215E+03  7.3233E+05 -1.1912E+05 -1.7130E+04 -1.7008E+03
  1.7783E-05  7.7742E+05  7.7747E+05 -1.2073E+05 -1.2072E+05 -1.7413E+04 -1.7412E+04 -1.7274E+03 -1.7275E+03  6.2693E+05 -1.0180E+05 -1.4686E+04 -1.4532E+03
  1.9953E-05  6.6575E+05  6.6580E+05 -1.0315E+05 -1.0315E+05 -1.4925E+04 -1.4924E+04 -1.4754E+03 -1.4755E+03  5.3657E+05 -8.6970E+04 -1.2587E+04 -1.2411E+03
  2.2387E-05  5.6999E+05  5.7004E+05 -8.8114E+04 -8.8108E+04 -1.2788E+04 -1.2787E+04 -1.2596E+03 -1.2597E+03  4.5913E+05 -7.4280E+04 -1.0783E+04 -1.0594E+03
  2.5119E-05  4.8789E+05  4.8794E+05 -7.5245E+04 -7.5239E+04 -1.0952E+04 -1.0952E+04 -1.0748E+03 -1.0749E+03  3.9278E+05 -6.3423E+04 -9.2350E+03 -9.0380E+02
  2.8184E-05  4.1753E+05  4.1757E+05 -6.4236E+04 -6.4230E+04 -9.3773E+03 -9.3767E+03 -9.1674E+02 -9.1683E+02  3.3593E+05 -5.4137E+04 -7.9060E+03 -7.7071E+02
  3.1623E-05  3.5723E+05  3.5727E+05 -5.4822E+04 -5.4817E+04 -8.0257E+03 -8.0251E+03 -7.8151E+02 -7.8159E+02  2.8724E+05 -4.6197E+04 -6.7658E+03 -6.5689E+02
  3.5481E-05  3.0556E+05  3.0560E+05 -4.6773E+04 -4.6768E+04 -6.8663E+03 -6.8658E+03 -6.6591E+02 -6.6598E+02  2.4555E+05 -3.9410E+04 -5.7878E+03 -5.5962E+02
  3.9811E-05  2.6131E+05  2.6135E+05 -3.9894E+04 -3.9889E+04 -5.8721E+03 -5.8717E+03 -5.6714E+02 -5.6721E+02  2.0985E+05 -3.3609E+04 -4.9492E+03 -4.7652E+02
  4.4668E-05  2.2341E+05  2.2345E+05 -3.4016E+04 -3.4011E+04 -5.0199E+03 -5.0195E+03 -4.8279E+02 -4.8286E+02  1.7930E+05 -2.8653E+04 -4.2305E+03 -4.0556E+02
  5.0119E-05  1.9096E+05  1.9100E+05 -2.8995E+04 -2.8990E+04 -4.2897E+03 -4.2894E+03 -4.1080E+02 -4.1086E+02  1.5316E+05 -2.4420E+04 -3.6147E+03 -3.4501E+02
  5.6234E-05  1.6319E+05  1.6322E+05 -2.4706E+04 -2.4703E+04 -3.6643E+03 -3.6639E+03 -3.4938E+02 -3.4944E+02  1.3080E+05 -2.0805E+04 -3.0873E+03 -2.9336E+02
  6.3096E-05  1.3942E+05  1.3945E+05 -2.1046E+04 -2.1042E+04 -3.1287E+03 -3.1284E+03 -2.9701E+02 -2.9707E+02  1.1167E+05 -1.7720E+04 -2.6357E+03 -2.4933E+02
  7.0795E-05  1.1908E+05  1.1911E+05 -1.7921E+04 -1.7918E+04 -2.6703E+03 -2.6700E+03 -2.5238E+02 -2.5243E+02  9.5310E+04 -1.5087E+04 -2.2493E+03 -2.1181E+02
  7.9433E-05  1.0168E+05  1.0171E+05 -1.5255E+04 -1.5252E+04 -2.2781E+03 -2.2779E+03 -2.1436E+02 -2.1440E+02  8.1328E+04 -1.2840E+04 -1.9187E+03 -1.7986E+02
  8.9125E-05  8.6803E+04  8.6833E+04 -1.2981E+04 -1.2978E+04 -1.9427E+03 -1.9425E+03 -1.8198E+02 -1.8203E+02  6.9377E+04 -1.0925E+04 -1.6359E+03 -1.5265E+02
  1.0000E-04  7.4083E+04  7.4111E+04 -1.1043E+04 -1.1040E+04 -1.6559E+03 -1.6557E+03 -1.5443E+02 -1.5447E+02  5.9167E+04 -9.2914E+03 -1.3943E+03 -1.2951E+02
  1.1220E-04  6.3210E+04  6.3237E+04 -9.3900E+03 -9.3873E+03 -1.4109E+03 -1.4107E+03 -1.3100E+02 -1.3103E+02  5.0445E+04 -7.8994E+03 -1.1877E+03 -1.0982E+02
  1.2589E-04  5.3918E+04  5.3945E+04 -7.9816E+03 -7.9791E+03 -1.2015E+03 -1.2014E+03 -1.1107E+02 -1.1110E+02  4.2996E+04 -6.7134E+03 -1.0114E+03 -9.3091E+01
  1.4125E-04  4.5980E+04  4.6005E+04 -6.7820E+03 -6.7796E+03 -1.0228E+03 -1.0226E+03 -9.4136E+01 -9.4165E+01  3.6637E+04 -5.7032E+03 -8.6075E+02 -7.8874E+01
  1.5849E-04  3.9199E+04  3.9224E+04 -5.7604E+03 -5.7582E+03 -8.7021E+02 -8.7008E+02 -7.9751E+01 -7.9778E+01  3.1209E+04 -4.8432E+03 -7.3223E+02 -6.6801E+01
  1.7783E-04  3.3410E+04  3.3433E+04 -4.8908E+03 -4.8887E+03 -7.4004E+02 -7.3993E+02 -6.7537E+01 -6.7562E+01  2.6577E+04 -4.1112E+03 -6.2260E+02 -5.6552E+01
  1.9953E-04  2.8467E+04  2.8490E+04 -4.1508E+03 -4.1488E+03 -6.2904E+02 -6.2895E+02 -5.7171E+01 -5.7194E+01  2.2626E+04 -3.4884E+03 -5.2912E+02 -4.7857E+01
  2.2387E-04  2.4249E+04  2.4271E+04 -3.5212E+03 -3.5195E+03 -5.3442E+02 -5.3434E+02 -4.8378E+01 -4.8399E+01  1.9257E+04 -2.9586E+03 -4.4944E+02 -4.0483E+01
  2.5119E-04  2.0650E+04  2.0670E+04 -2.9860E+03 -2.9843E+03 -4.5380E+02 -4.5373E+02 -4.0921E+01 -4.0941E+01  1.6384E+04 -2.5083E+03 -3.8157E+02 -3.4231E+01
  2.8184E-04  1.7579E+04  1.7600E+04 -2.5310E+03 -2.5294E+03 -3.8515E+02 -3.8509E+02 -3.4602E+01 -3.4619E+01  1.3935E+04 -2.1256E+03 -3.2378E+02 -2.8934E+01
  3.1623E-04  1.4961E+04  1.4981E+04 -2.1443E+03 -2.1429E+03 -3.2671E+02 -3.2665E+02 -2.9247E+01 -2.9264E+01  1.1849E+04 -1.8004E+03 -2.7459E+02 -2.4448E+01
  3.5481E-04  1.2730E+04  1.2748E+04 -1.8160E+03 -1.8146E+03 -2.7698E+02 -2.7694E+02 -2.4713E+01 -2.4728E+01  1.0072E+04 -1.5243E+03 -2.3275E+02 -2.0650E+01
  3.9811E-04  1.0827E+04  1.0845E+04 -1.5372E+03 -1.5359E+03 -2.3470E+02 -2.3466E+02 -2.0874E+01 -2.0888E+01  8.5583E+03 -1.2899E+03 -1.9717E+02 -1.7435E+01
  4.4668E-04  9.2065E+03  9.2236E+03 -1.3005E+03 -1.2994E+03 -1.9876E+02 -1.9873E+02 -1.7626E+01 -1.7639E+01  7.2699E+03 -1.0911E+03 -1.6693E+02 -1.4717E+01
  5.0119E-04  7.8259E+03  7.8423E+03 -1.0998E+03 -1.0988E+03 -1.6822E+02 -1.6820E+02 -1.4879E+01 -1.4890E+01  6.1734E+03 -9.2238E+02 -1.4125E+02 -1.2417E+01
  5.6234E-04  6.6503E+03  6.6660E+03 -9.2961E+02 -9.2866E+02 -1.4229E+02 -1.4228E+02 -1.2555E+01 -1.2566E+01  5.2405E+03 -7.7939E+02 -1.1945E+02 -1.0474E+01
  6.3096E-04  5.6495E+03  5.6646E+03 -7.8535E+02 -7.8448E+02 -1.2029E+02 -1.2028E+02 -1.0592E+01 -1.0601E+01  4.4471E+03 -6.5822E+02 -1.0095E+02 -8.8321E+00
  7.0795E-04  4.7977E+03  4.8122E+03 -6.6312E+02 -6.6234E+02 -1.0163E+02 -1.0162E+02 -8.9326E+00 -8.9412E+00  3.7726E+03 -5.5559E+02 -8.5264E+01 -7.4452E+00
  7.9433E-04  4.0731E+03  4.0870E+03 -5.5962E+02 -5.5891E+02 -8.5803E+01 -8.5798E+01 -7.5312E+00 -7.5390E+00  3.1992E+03 -4.6870E+02 -7.1969E+01 -6.2743E+00
  8.9125E-04  3.4568E+03  3.4701E+03 -4.7201E+02 -4.7137E+02 -7.2398E+01 -7.2396E+01 -6.3479E+00 -6.3550E+00  2.7121E+03 -3.9518E+02 -6.0706E+01 -5.2860E+00
  1.0000E-03  2.9328E+03  2.9455E+03 -3.9790E+02 -3.9732E+02 -6.1047E+01 -6.1047E+01 -5.3490E+00 -5.3555E+00  2.2983E+03 -3.3299E+02 -5.1172E+01 -4.4521E+00
  1.1220E-03  2.4874E+03  2.4996E+03 -3.3522E+02 -3.3470E+02 -5.1440E+01 -5.1443E+01 -4.5062E+00 -4.5121E+00  1.9469E+03 -2.8043E+02 -4.3105E+01 -3.7487E+00
  1.2589E-03  2.1089E+03  2.1206E+03 -2.8225E+02 -2.8179E+02 -4.3316E+01 -4.3321E+01 -3.7952E+00 -3.8005E+00  1.6487E+03 -2.3601E+02 -3.6284E+01 -3.1556E+00
  1.4125E-03  1.7874E+03  1.7986E+03 -2.3750E+02 -2.3709E+02 -3.6448E+01 -3.6455E+01 -3.1956E+00 -3.2004E+00  1.3957E+03 -1.9850E+02 -3.0521E+01 -2.6556E+00
  1.5849E-03  1.5144E+03  1.5251E+03 -1.9972E+02 -1.9936E+02 -3.0648E+01 -3.0656E+01 -2.6900E+00 -2.6944E+00  1.1810E+03 -1.6685E+02 -2.5653E+01 -2.2343E+00
  1.7783E-03  1.2826E+03  1.2929E+03 -1.6784E+02 -1.6753E+02 -2.5751E+01 -2.5760E+01 -2.2639E+00 -2.2678E+00  9.9905E+02 -1.4014E+02 -2.1546E+01 -1.8794E+00
  1.9953E-03  1.0860E+03  1.0958E+03 -1.4096E+02 -1.4069E+02 -2.1620E+01 -2.1630E+01 -1.9048E+00 -1.9083E+00  8.4479E+02 -1.1763E+02 -1.8082E+01 -1.5804E+00
  2.2387E-03  9.1912E+02  9.2854E+02 -1.1829E+02 -1.1807E+02 -1.8138E+01 -1.8148E+01 -1.6023E+00 -1.6055E+00  7.1410E+02 -9.8664E+01 -1.5163E+01 -1.3286E+00
  2.5119E-03  7.7764E+02  7.8665E+02 -9.9202E+01 -9.9013E+01 -1.5204E+01 -1.5215E+01 -1.3475E+00 -1.3504E+00  6.0340E+02 -8.2693E+01 -1.2705E+01 -1.1167E+00
  2.8184E-03  6.5769E+02  6.6631E+02 -8.3130E+01 -8.2976E+01 -1.2734E+01 -1.2745E+01 -1.1330E+00 -1.1355E+00  5.0968E+02 -6.9254E+01 -1.0636E+01 -9.3834E-01
  3.1623E-03  5.5604E+02  5.6428E+02 -6.9608E+01 -6.9487E+01 -1.0657E+01 -1.0668E+01 -9.5235E-01 -9.5461E-01  4.3036E+02 -5.7953E+01 -8.8961E+00 -7.8826E-01
  3.5481E-03  4.6993E+02  4.7780E+02 -5.8239E+01 -5.8147E+01 -8.9102E+00 -8.9217E+00 -8.0031E-01 -8.0232E-01  3.6325E+02 -4.8455E+01 -7.4344E+00 -6.6199E-01
  3.9811E-03  3.9700E+02  4.0452E+02 -4.8685E+01 -4.8622E+01 -7.4434E+00 -7.4548E+00 -6.7236E-01 -6.7415E-01  3.0650E+02 -4.0480E+01 -6.2071E+00 -5.5580E-01
  4.4668E-03  3.3527E+02  3.4245E+02 -4.0664E+01 -4.0626E+01 -6.2123E+00 -6.2236E+00 -5.6472E-01 -5.6629E-01  2.5853E+02 -3.3787E+01 -5.1775E+00 -4.6650E-01
  5.0119E-03  2.8302E+02  2.8988E+02 -3.3933E+01 -3.3919E+01 -5.1799E+00 -5.1910E+00 -4.7416E-01 -4.7555E-01  2.1798E+02 -2.8174E+01 -4.3144E+00 -3.9142E-01
  5.6234E-03  2.3883E+02  2.4537E+02 -2.8290E+01 -2.8296E+01 -4.3148E+00 -4.3257E+00 -3.9801E-01 -3.9922E-01  1.8374E+02 -2.3472E+01 -3.5917E+00 -3.2832E-01
  6.3096E-03  2.0145E+02  2.0769E+02 -2.3562E+01 -2.3587E+01 -3.5906E+00 -3.6012E+00 -3.3397E-01 -3.3503E-01  1.5482E+02 -1.9535E+01 -2.9868E+00 -2.7529E-01
  7.0795E-03  1.6986E+02  1.7580E+02 -1.9604E+01 -1.9646E+01 -2.9848E+00 -2.9952E+00 -2.8014E-01 -2.8106E-01  1.3041E+02 -1.6241E+01 -2.4812E+00 -2.3074E-01
  7.9433E-03  1.4316E+02  1.4882E+02 -1.6293E+01 -1.6351E+01 -2.4786E+00 -2.4886E+00 -2.3490E-01 -2.3568E-01  1.0982E+02 -1.3488E+01 -2.0589E+00 -1.9332E-01
  8.9125E-03  1.2061E+02  1.2600E+02 -1.3525E+01 -1.3597E+01 -2.0559E+00 -2.0656E+00 -1.9688E-01 -1.9755E-01  9.2452E+01 -1.1190E+01 -1.7065E+00 -1.6189E-01
  1.0000E-02  1.0157E+02  1.0669E+02 -1.1215E+01 -1.1299E+01 -1.7033E+00 -1.7127E+00 -1.6495E-01 -1.6551E-01  7.7809E+01 -9.2718E+00 -1.4127E+00 -1.3551E-01
  1.1220E-02  8.5496E+01  9.0364E+01 -9.2869E+00 -9.3812E+00 -1.4095E+00 -1.4186E+00 -1.3813E-01 -1.3860E-01  6.5468E+01 -7.6734E+00 -1.1681E+00 -1.1337E-01
  1.2589E-02  7.1934E+01  7.6558E+01 -7.6801E+00 -7.7833E+00 -1.1650E+00 -1.1737E+00 -1.1561E-01 -1.1600E-01  5.5070E+01 -6.3424E+00 -9.6455E-01 -9.4790E-02
  1.4125E-02  6.0495E+01  6.4882E+01 -6.3422E+00 -6.4528E+00 -9.6157E-01 -9.7001E-01 -9.6704E-02 -9.7024E-02  4.6314E+01 -5.2354E+00 -7.9543E-01 -7.9206E-02
  1.5849E-02  5.0850E+01  5.5010E+01 -5.2293E+00 -5.3460E+00 -7.9262E-01 -8.0077E-01 -8.0843E-02 -8.1102E-02  3.8942E+01 -4.3156E+00 -6.5505E-01 -6.6139E-02
  1.7783E-02  4.2720E+01  4.6660E+01 -4.3046E+00 -4.4260E+00 -6.5243E-01 -6.6032E-01 -6.7540E-02 -6.7746E-02  3.2737E+01 -3.5522E+00 -5.3868E-01 -5.5187E-02
  1.9953E-02  3.5871E+01  3.9599E+01 -3.5371E+00 -3.6620E+00 -5.3624E-01 -5.4390E-01 -5.6385E-02 -5.6548E-02  2.7516E+01 -2.9193E+00 -4.4231E-01 -4.6011E-02
  2.2387E-02  3.0102E+01  3.3625E+01 -2.9008E+00 -3.0280E+00 -4.4006E-01 -4.4750E-01 -4.7037E-02 -4.7164E-02  2.3124E+01 -2.3953E+00 -3.6263E-01 -3.8327E-02
  2.5119E-02  2.5245E+01  2.8569E+01 -2.3740E+00 -2.5024E+00 -3.6055E-01 -3.6780E-01 -3.9205E-02 -3.9305E-02  1.9430E+01 -1.9620E+00 -2.9682E-01 -3.1896E-02
  2.8184E-02  2.1156E+01  2.4289E+01 -1.9383E+00 -2.0668E+00 -2.9490E-01 -3.0199E-01 -3.2648E-02 -3.2729E-02  1.6324E+01 -1.6041E+00 -2.4254E-01 -2.6517E-02
  3.1623E-02  1.7715E+01  2.0664E+01 -1.5785E+00 -1.7060E+00 -2.4077E-01 -2.4773E-01 -2.7161E-02 -2.7231E-02  1.3712E+01 -1.3088E+00 -1.9786E-01 -2.2020E-02
  3.5481E-02  1.4821E+01  1.7591E+01 -1.2818E+00 -1.4074E+00 -1.9620E-01 -2.0305E-01 -2.2573E-02 -2.2639E-02  1.1515E+01 -1.0656E+00 -1.6112E-01 -1.8265E-02
  3.9811E-02  1.2387E+01  1.4984E+01 -1.0374E+00 -1.1603E+00 -1.5957E-01 -1.6632E-01 -1.8739E-02 -1.8808E-02  9.6685E+00 -8.6549E-01 -1.3096E-01 -1.5131E-02
  4.4668E-02  1.0341E+01  1.2770E+01 -8.3649E-01 -9.5571E-01 -1.2950E-01 -1.3617E-01 -1.5538E-02 -1.5617E-02  8.1154E+00 -7.0107E-01 -1.0626E-01 -1.2519E-02
  5.0119E-02  8.6203E+00  1.0887E+01 -6.7158E-01 -7.8638E-01 -1.0485E-01 -1.1146E-01 -1.2867E-02 -1.2964E-02  6.8088E+00 -5.6615E-01 -8.6049E-02 -1.0344E-02
  5.6234E-02  7.1743E+00  9.2846E+00 -5.3647E-01 -6.4611E-01 -8.4687E-02 -9.1236E-02 -1.0642E-02 -1.0761E-02  5.7092E+00 -4.5558E-01 -6.9554E-02 -8.5364E-03
  6.3096E-02  5.9593E+00  7.9177E+00 -4.2599E-01 -5.2982E-01 -6.8217E-02 -7.4709E-02 -8.7893E-03 -8.9370E-03  4.7834E+00 -3.6509E-01 -5.6112E-02 -7.0361E-03
  7.0795E-02  4.9385E+00  6.7499E+00 -3.3586E-01 -4.3327E-01 -5.4784E-02 -6.1217E-02 -7.2488E-03 -7.4302E-03  4.0034E+00 -2.9112E-01 -4.5180E-02 -5.7930E-03
  7.9433E-02  4.0811E+00  5.7501E+00 -2.6252E-01 -3.5299E-01 -4.3846E-02 -5.0207E-02 -5.9693E-03 -6.1886E-03  3.3458E+00 -2.3074E-01 -3.6304E-02 -4.7652E-03
  8.9125E-02  3.3611E+00  4.8924E+00 -2.0304E-01 -2.8611E-01 -3.4952E-02 -4.1222E-02 -4.9077E-03 -5.1684E-03  2.7909E+00 -1.8152E-01 -2.9108E-02 -3.9171E-03
  1.0000E-01  2.7568E+00  4.1547E+00 -1.5496E-01 -2.3028E-01 -2.7730E-02 -3.3881E-02 -4.0275E-03 -4.3319E-03  2.3222E+00 -1.4147E-01 -2.3281E-02 -3.2187E-03
  1.1220E-01  2.2500E+00  3.5189E+00 -1.1631E-01 -1.8359E-01 -2.1871E-02 -2.7868E-02 -3.2981E-03 -3.6472E-03  1.9260E+00 -1.0895E-01 -1.8565E-02 -2.6444E-03
  1.2589E-01  1.8252E+00  2.9695E+00 -8.5413E-02 -1.4449E-01 -1.7122E-02 -2.2921E-02 -2.6934E-03 -3.0867E-03  1.5907E+00 -8.2612E-02 -1.4748E-02 -2.1727E-03
  1.4125E-01  1.4698E+00  2.4939E+00 -6.0925E-02 -1.1174E-01 -1.3277E-02 -1.8827E-02 -2.1918E-03 -2.6266E-03  1.3069E+00 -6.1368E-02 -1.1656E-02 -1.7852E-03
  1.5849E-01  1.1731E+00  2.0816E+00 -4.1731E-02 -8.4337E-02 -1.0167E-02 -1.5409E-02 -1.7746E-03 -2.2464E-03  1.0666E+00 -4.4326E-02 -9.1473E-03 -1.4663E-03
  1.7783E-01  9.2606E-01  1.7237E+00 -2.6914E-02 -6.1509E-02 -7.6546E-03 -1.2526E-02 -1.4267E-03 -1.9282E-03  8.6316E-01 -3.0770E-02 -7.1062E-03 -1.2026E-03
  1.9953E-01  7.2135E-01  1.4131E+00 -1.5721E-02 -4.2643E-02 -5.6312E-03 -1.0067E-02 -1.1351E-03 -1.6568E-03  6.9123E-01 -2.0117E-02 -5.4407E-03 -9.8309E-04
  2.2387E-01  5.5274E-01  1.1439E+00 -7.5242E-03 -2.7264E-02 -4.0105E-03 -7.9464E-03 -8.8982E-04 -1.4191E-03  5.4630E-01 -1.1899E-02 -4.0784E-03 -7.9831E-04
  2.5119E-01  4.1505E-01  9.1153E-01 -1.7957E-03 -1.5004E-02 -2.7252E-03 -6.1040E-03 -6.8262E-04 -1.2046E-03  4.2472E-01 -5.7330E-03 -2.9638E-03 -6.4076E-04
  2.8184E-01  3.0392E-01  7.1209E-01  1.9164E-03 -5.5667E-03 -1.7232E-03 -4.4994E-03 -5.0754E-04 -1.0053E-03  3.2346E-01 -1.3022E-03 -2.0555E-03 -5.0457E-04
  3.1623E-01  2.1566E-01  5.4255E-01  4.0102E-03  1.3016E-03 -9.6405E-04 -3.1112E-03 -3.6045E-04 -8.1569E-04  2.4003E-01  1.6634E-03 -1.3241E-03 -3.8557E-04
  3.5481E-01  1.4706E-01  4.0044E-01  4.8458E-03  5.8397E-03 -4.1558E-04 -1.9339E-03 -2.3886E-04 -6.3357E-04  1.7234E-01  3.4042E-03 -7.4916E-04 -2.8126E-04
  3.9811E-01  9.5276E-02  2.8370E-01  4.7572E-03  8.3027E-03 -5.0138E-05 -9.7346E-04 -1.4158E-04 -4.5998E-04  1.1860E-01  4.1466E-03 -3.1711E-04 -1.9071E-04
  4.4668E-01  5.7720E-02  1.9049E-01  4.0589E-03  8.9895E-03  1.5904E-04 -2.4246E-04 -6.8193E-05 -2.9936E-04  7.7205E-02  4.1145E-03 -1.7603E-05 -1.1441E-04
  5.0119E-01  3.1944E-02  1.1897E-01  3.0436E-03  8.2648E-03  2.4113E-04  2.4787E-04 -1.8270E-05 -1.5923E-04  4.6642E-02  3.5367E-03  1.5989E-04 -5.3871E-05
  5.6234E-01  1.5575E-02  6.7163E-02  1.9726E-03  6.5709E-03  2.3007E-04  4.9718E-04  9.5569E-06 -4.9071E-05  2.5393E-02  2.6480E-03  2.3000E-04 -1.0923E-05
  6.3096E-01  6.2971E-03  3.2661E-02  1.0554E-03  4.4191E-03  1.6478E-04  5.2758E-04  1.8619E-05  2.2038E-05  1.1865E-02  1.6802E-03  2.1498E-04  1.3329E-05
  7.0795E-01  1.8846E-03  1.2506E-02  4.2264E-04  2.3477E-03  8.5784E-05  3.9469E-04  1.4873E-05  4.9445E-05  4.3449E-03  8.4115E-04  1.4690E-04  1.9944E-05
  7.9433E-01  3.2367E-04  3.0825E-03  1.0068E-04  8.2908E-04  2.6859E-05  1.9240E-04  6.4345E-06  3.8714E-05  1.0181E-03  2.7890E-04  6.6030E-05  1.3671E-05
  8.9125E-01  1.4160E-05  2.5733E-04  6.7622E-06  1.0981E-04  2.5539E-06  3.7448E-05  8.6538E-07  1.1396E-05  8.0184E-05  3.4485E-05  1.1853E-05  3.6401E-06


# Q =   100.0000
# x  F2Wp(LO) F2Wm(LO) F2Wp(NLO) F2Wm(NLO) F2Wp(NNLO) F2Wm(NNLO) F2Wp(N3LO) F2Wm(N3LO) F2Z(LO) F2Z(NLO) F2Z(NNLO) F2Z(N3LO)
  1.0000E-05  3.3651E+01  3.3652E+01 -5.4691E-01 -5.4668E-01 -8.1697E-01 -8.1693E-01  2.3723E-02  2.3720E-02  2.7209E+01 -4.5699E-01 -6.9402E-01  2.0240E-02
  1.1220E-05  3.2368E+01  3.2369E+01 -5.3754E-01 -5.3730E-01 -7.8055E-01 -7.8052E-01  1.9753E-02  1.9750E-02  2.6158E+01 -4.4925E-01 -6.6306E-01  1.6860E-02
  1.2589E-05  3.1128E+01  3.1129E+01 -5.2802E-01 -5.2776E-01 -7.4548E-01 -7.4544E-01  1.6135E-02  1.6131E-02  2.5143E+01 -4.4138E-01 -6.3324E-01  1.3779E-02
  1.4125E-05  2.9929E+01  2.9930E+01 -5.1836E-01 -5.1809E-01 -7.1171E-01 -7.1167E-01  1.2845E-02  1.2842E-02  2.4162E+01 -4.3338E-01 -6.0454E-01  1.0979E-02
  1.5849E-05  2.8770E+01  2.8771E+01 -5.0859E-01 -5.0830E-01 -6.7921E-01 -6.7917E-01  9.8634E-03  9.8595E-03  2.3213E+01 -4.2528E-01 -5.7691E-01  8.4400E-03
  1.7783E-05  2.7649E+01  2.7651E+01 -4.9873E-01 -4.9842E-01 -6.4794E-01 -6.4789E-01  7.1680E-03  7.1639E-03  2.2297E+01 -4.1710E-01 -5.5032E-01  6.1450E-03
  1.9953E-05  2.6567E+01  2.6569E+01 -4.8878E-01 -4.8845E-01 -6.1785E-01 -6.1780E-01  4.7398E-03  4.7355E-03  2.1412E+01 -4.0884E-01 -5.2474E-01  4.0774E-03
  2.2387E-05  2.5521E+01  2.5523E+01 -4.7877E-01 -4.7842E-01 -5.8892E-01 -5.8887E-01  2.5601E-03  2.5556E-03  2.0557E+01 -4.0052E-01 -5.0015E-01  2.2213E-03
  2.5119E-05  2.4511E+01  2.4513E+01 -4.6871E-01 -4.6834E-01 -5.6111E-01 -5.6106E-01  6.1140E-04  6.0670E-04  1.9732E+01 -3.9215E-01 -4.7651E-01  5.6191E-04
  2.8184E-05  2.3535E+01  2.3538E+01 -4.5862E-01 -4.5822E-01 -5.3438E-01 -5.3433E-01 -1.1228E-03 -1.1277E-03  1.8936E+01 -3.8376E-01 -4.5379E-01 -9.1498E-04
  3.1623E-05  2.2593E+01  2.2596E+01 -4.4851E-01 -4.4808E-01 -5.0870E-01 -5.0864E-01 -2.6583E-03 -2.6634E-03  1.8167E+01 -3.7534E-01 -4.3196E-01 -2.2227E-03
  3.5481E-05  2.1684E+01  2.1686E+01 -4.3840E-01 -4.3794E-01 -4.8404E-01 -4.8398E-01 -4.0098E-03 -4.0152E-03  1.7425E+01 -3.6691E-01 -4.1100E-01 -3.3738E-03
  3.9811E-05  2.0806E+01  2.0809E+01 -4.2829E-01 -4.2780E-01 -4.6036E-01 -4.6030E-01 -5.1914E-03 -5.1969E-03  1.6709E+01 -3.5848E-01 -3.9087E-01 -4.3803E-03
  4.4668E-05  1.9959E+01  1.9962E+01 -4.1819E-01 -4.1768E-01 -4.3764E-01 -4.3757E-01 -6.2162E-03 -6.2219E-03  1.6018E+01 -3.5006E-01 -3.7155E-01 -5.2534E-03
  5.0119E-05  1.9142E+01  1.9145E+01 -4.0813E-01 -4.0758E-01 -4.1583E-01 -4.1577E-01 -7.0966E-03 -7.1026E-03  1.5352E+01 -3.4166E-01 -3.5302E-01 -6.0035E-03
  5.6234E-05  1.8353E+01  1.8357E+01 -3.9811E-01 -3.9752E-01 -3.9493E-01 -3.9486E-01 -7.8444E-03 -7.8506E-03  1.4710E+01 -3.3329E-01 -3.3525E-01 -6.6408E-03
  6.3096E-05  1.7593E+01  1.7597E+01 -3.8813E-01 -3.8751E-01 -3.7488E-01 -3.7481E-01 -8.4705E-03 -8.4769E-03  1.4091E+01 -3.2496E-01 -3.1822E-01 -7.1744E-03
  7.0795E-05  1.6860E+01  1.6865E+01 -3.7822E-01 -3.7756E-01 -3.5567E-01 -3.5560E-01 -8.9853E-03 -8.9920E-03  1.3495E+01 -3.1667E-01 -3.0189E-01 -7.6134E-03
  7.9433E-05  1.6154E+01  1.6159E+01 -3.6838E-01 -3.6768E-01 -3.3727E-01 -3.3719E-01 -9.3986E-03 -9.4054E-03  1.2920E+01 -3.0844E-01 -2.8625E-01 -7.9659E-03
  8.9125E-05  1.5473E+01  1.5478E+01 -3.5861E-01 -3.5787E-01 -3.1965E-01 -3.1957E-01 -9.7193E-03 -9.7263E-03  1.2367E+01 -3.0027E-01 -2.7127E-01 -8.2396E-03
  1.0000E-04  1.4817E+01  1.4822E+01 -3.4893E-01 -3.4814E-01 -3.0278E-01 -3.0270E-01 -9.9561E-03 -9.9633E-03  1.1833E+01 -2.9216E-01 -2.5694E-01 -8.4419E-03
  1.1220E-04  1.4184E+01  1.4191E+01 -3.3934E-01 -3.3851E-01 -2.8664E-01 -2.8656E-01 -1.0117E-02 -1.0124E-02  1.1320E+01 -2.8414E-01 -2.4322E-01 -8.5795E-03
  1.2589E-04  1.3576E+01  1.3582E+01 -3.2985E-01 -3.2897E-01 -2.7121E-01 -2.7112E-01 -1.0209E-02 -1.0217E-02  1.0826E+01 -2.7619E-01 -2.3011E-01 -8.6588E-03
  1.4125E-04  1.2990E+01  1.2997E+01 -3.2047E-01 -3.1954E-01 -2.5645E-01 -2.5636E-01 -1.0240E-02 -1.0248E-02  1.0350E+01 -2.6832E-01 -2.1757E-01 -8.6857E-03
  1.5849E-04  1.2425E+01  1.2433E+01 -3.1120E-01 -3.1022E-01 -2.4235E-01 -2.4226E-01 -1.0216E-02 -1.0224E-02  9.8925E+00 -2.6055E-01 -2.0559E-01 -8.6658E-03
  1.7783E-04  1.1882E+01  1.1891E+01 -3.0205E-01 -3.0101E-01 -2.2888E-01 -2.2879E-01 -1.0143E-02 -1.0151E-02  9.4523E+00 -2.5288E-01 -1.9414E-01 -8.6042E-03
  1.9953E-04  1.1360E+01  1.1369E+01 -2.9302E-01 -2.9192E-01 -2.1602E-01 -2.1593E-01 -1.0026E-02 -1.0034E-02  9.0290E+00 -2.4530E-01 -1.8322E-01 -8.5057E-03
  2.2387E-04  1.0857E+01  1.0867E+01 -2.8412E-01 -2.8296E-01 -2.0375E-01 -2.0365E-01 -9.8714E-03 -9.8800E-03  8.6220E+00 -2.3783E-01 -1.7279E-01 -8.3748E-03
  2.5119E-04  1.0374E+01  1.0384E+01 -2.7535E-01 -2.7413E-01 -1.9205E-01 -1.9195E-01 -9.6834E-03 -9.6922E-03  8.2308E+00 -2.3047E-01 -1.6285E-01 -8.2155E-03
  2.8184E-04  9.9092E+00  9.9205E+00 -2.6671E-01 -2.6544E-01 -1.8089E-01 -1.8079E-01 -9.4667E-03 -9.4755E-03  7.8550E+00 -2.2322E-01 -1.5337E-01 -8.0317E-03
  3.1623E-04  9.4625E+00  9.4747E+00 -2.5822E-01 -2.5688E-01 -1.7026E-01 -1.7016E-01 -9.2253E-03 -9.2342E-03  7.4939E+00 -2.1608E-01 -1.4434E-01 -7.8268E-03
  3.5481E-04  9.0332E+00  9.0464E+00 -2.4987E-01 -2.4846E-01 -1.6014E-01 -1.6003E-01 -8.9630E-03 -8.9720E-03  7.1471E+00 -2.0906E-01 -1.3573E-01 -7.6042E-03
  3.9811E-04  8.6208E+00  8.6350E+00 -2.4167E-01 -2.4019E-01 -1.5050E-01 -1.5039E-01 -8.6833E-03 -8.6924E-03  6.8142E+00 -2.0217E-01 -1.2755E-01 -7.3668E-03
  4.4668E-04  8.2248E+00  8.2400E+00 -2.3362E-01 -2.3207E-01 -1.4133E-01 -1.4122E-01 -8.3895E-03 -8.3987E-03  6.4947E+00 -1.9539E-01 -1.1976E-01 -7.1174E-03
  5.0119E-04  7.8445E+00  7.8609E+00 -2.2572E-01 -2.2409E-01 -1.3262E-01 -1.3251E-01 -8.0844E-03 -8.0937E-03  6.1881E+00 -1.8874E-01 -1.1236E-01 -6.8584E-03
  5.6234E-04  7.4795E+00  7.4971E+00 -2.1797E-01 -2.1627E-01 -1.2434E-01 -1.2422E-01 -7.7709E-03 -7.7801E-03  5.8939E+00 -1.8222E-01 -1.0533E-01 -6.5921E-03
  6.3096E-04  7.1292E+00  7.1482E+00 -2.1037E-01 -2.0860E-01 -1.1648E-01 -1.1636E-01 -7.4512E-03 -7.4604E-03  5.6119E+00 -1.7582E-01 -9.8647E-02 -6.3206E-03
  7.0795E-04  6.7931E+00  6.8136E+00 -2.0294E-01 -2.0109E-01 -1.0901E-01 -1.0889E-01 -7.1276E-03 -7.1367E-03  5.3416E+00 -1.6956E-01 -9.2309E-02 -6.0458E-03
  7.9433E-04  6.4708E+00  6.4928E+00 -1.9566E-01 -1.9374E-01 -1.0194E-01 -1.0182E-01 -6.8021E-03 -6.8111E-03  5.0825E+00 -1.6342E-01 -8.6299E-02 -5.7693E-03
  8.9125E-04  6.1618E+00  6.1855E+00 -1.8854E-01 -1.8655E-01 -9.5230E-02 -9.5108E-02 -6.4765E-03 -6.4854E-03  4.8343E+00 -1.5742E-01 -8.0603E-02 -5.4927E-03
  1.0000E-03  5.8656E+00  5.8911E+00 -1.8158E-01 -1.7951E-01 -8.8878E-02 -8.8755E-02 -6.1524E-03 -6.1611E-03  4.5966E+00 -1.5155E-01 -7.5210E-02 -5.2174E-03
  1.1220E-03  5.5817E+00  5.6092E+00 -1.7478E-01 -1.7264E-01 -8.2867E-02 -8.2742E-02 -5.8312E-03 -5.8397E-03  4.3690E+00 -1.4581E-01 -7.0105E-02 -4.9446E-03
  1.2589E-03  5.3099E+00  5.3393E+00 -1.6814E-01 -1.6593E-01 -7.7182E-02 -7.7057E-02 -5.5143E-03 -5.5224E-03  4.1512E+00 -1.4021E-01 -6.5279E-02 -4.6753E-03
  1.4125E-03  5.0495E+00  5.0812E+00 -1.6166E-01 -1.5939E-01 -7.1811E-02 -7.1685E-02 -5.2026E-03 -5.2103E-03  3.9429E+00 -1.3473E-01 -6.0718E-02 -4.4105E-03
  1.5849E-03  4.8003E+00  4.8343E+00 -1.5534E-01 -1.5300E-01 -6.6740E-02 -6.6612E-02 -4.8972E-03 -4.9045E-03  3.7436E+00 -1.2940E-01 -5.6413E-02 -4.1510E-03
  1.7783E-03  4.5618E+00  4.5983E+00 -1.4918E-01 -1.4679E-01 -6.1956E-02 -6.1827E-02 -4.5989E-03 -4.6057E-03  3.5532E+00 -1.2419E-01 -5.2352E-02 -3.8976E-03
  1.9953E-03  4.3336E+00  4.3728E+00 -1.4317E-01 -1.4073E-01 -5.7447E-02 -5.7318E-02 -4.3085E-03 -4.3147E-03  3.3712E+00 -1.1912E-01 -4.8525E-02 -3.6509E-03
  2.2387E-03  4.1153E+00  4.1575E+00 -1.3733E-01 -1.3484E-01 -5.3201E-02 -5.3071E-02 -4.0266E-03 -4.0321E-03  3.1973E+00 -1.1418E-01 -4.4921E-02 -3.4113E-03
  2.5119E-03  3.9067E+00  3.9519E+00 -1.3164E-01 -1.2912E-01 -4.9207E-02 -4.9077E-02 -3.7536E-03 -3.7584E-03  3.0313E+00 -1.0938E-01 -4.1531E-02 -3.1794E-03
  2.8184E-03  3.7072E+00  3.7558E+00 -1.2611E-01 -1.2356E-01 -4.5454E-02 -4.5323E-02 -3.4900E-03 -3.4939E-03  2.8729E+00 -1.0471E-01 -3.8346E-02 -2.9554E-03
  3.1623E-03  3.5167E+00  3.5688E+00 -1.2073E-01 -1.1817E-01 -4.1930E-02 -4.1799E-02 -3.2362E-03 -3.2391E-03  2.7218E+00 -1.0016E-01 -3.5357E-02 -2.7397E-03
  3.5481E-03  3.3347E+00  3.3906E+00 -1.1551E-01 -1.1295E-01 -3.8626E-02 -3.8494E-02 -2.9924E-03 -2.9942E-03  2.5777E+00 -9.5749E-02 -3.2554E-02 -2.5325E-03
  3.9811E-03  3.1610E+00  3.2209E+00 -1.1044E-01 -1.0788E-01 -3.5532E-02 -3.5399E-02 -2.7588E-03 -2.7594E-03  2.4404E+00 -9.1465E-02 -2.9929E-02 -2.3339E-03
  4.4668E-03  2.9952E+00  3.0593E+00 -1.0551E-01 -1.0299E-01 -3.2638E-02 -3.2504E-02 -2.5356E-03 -2.5347E-03  2.3096E+00 -8.7309E-02 -2.7473E-02 -2.1442E-03
  5.0119E-03  2.8370E+00  2.9057E+00 -1.0073E-01 -9.8258E-02 -2.9934E-02 -2.9800E-02 -2.3228E-03 -2.3204E-03  2.1850E+00 -8.3280E-02 -2.5180E-02 -1.9632E-03
  5.6234E-03  2.6861E+00  2.7596E+00 -9.6100E-02 -9.3693E-02 -2.7411E-02 -2.7276E-02 -2.1204E-03 -2.1163E-03  2.0665E+00 -7.9376E-02 -2.3040E-02 -1.7911E-03
  6.3096E-03  2.5422E+00  2.6208E+00 -9.1608E-02 -8.9293E-02 -2.5061E-02 -2.4926E-02 -1.9286E-03 -1.9225E-03  1.9537E+00 -7.5595E-02 -2.1048E-02 -1.6279E-03
  7.0795E-03  2.4050E+00  2.4891E+00 -8.7255E-02 -8.5057E-02 -2.2876E-02 -2.2740E-02 -1.7471E-03 -1.7389E-03  1.8465E+00 -7.1938E-02 -1.9195E-02 -1.4735E-03
  7.9433E-03  2.2744E+00  2.3642E+00 -8.3038E-02 -8.0984E-02 -2.0846E-02 -2.0710E-02 -1.5761E-03 -1.5656E-03  1.7447E+00 -6.8400E-02 -1.7475E-02 -1.3279E-03
  8.9125E-03  2.1499E+00  2.2459E+00 -7.8954E-02 -7.7075E-02 -1.8965E-02 -1.8828E-02 -1.4152E-03 -1.4022E-03  1.6480E+00 -6.4982E-02 -1.5880E-02 -1.1910E-03
  1.0000E-02  2.0314E+00  2.1338E+00 -7.5000E-02 -7.3328E-02 -1.7225E-02 -1.7088E-02 -1.2646E-03 -1.2488E-03  1.5562E+00 -6.1680E-02 -1.4406E-02 -1.0626E-03
  1.1220E-02  1.9186E+00  2.0278E+00 -7.1170E-02 -6.9741E-02 -1.5619E-02 -1.5481E-02 -1.1240E-03 -1.1051E-03  1.4691E+00 -5.8493E-02 -1.3045E-02 -9.4263E-04
  1.2589E-02  1.8112E+00  1.9276E+00 -6.7463E-02 -6.6313E-02 -1.4139E-02 -1.4001E-02 -9.9320E-04 -9.7109E-04  1.3866E+00 -5.5419E-02 -1.1791E-02 -8.3102E-04
  1.4125E-02  1.7090E+00  1.8330E+00 -6.3873E-02 -6.3042E-02 -1.2778E-02 -1.2641E-02 -8.7216E-04 -8.4652E-04  1.3084E+00 -5.2454E-02 -1.0638E-02 -7.2759E-04
  1.5849E-02  1.6118E+00  1.7437E+00 -6.0395E-02 -5.9924E-02 -1.1530E-02 -1.1395E-02 -7.6068E-04 -7.3125E-04  1.2344E+00 -4.9595E-02 -9.5820E-03 -6.3219E-04
  1.7783E-02  1.5194E+00  1.6595E+00 -5.7025E-02 -5.6957E-02 -1.0390E-02 -1.0256E-02 -6.5857E-04 -6.2510E-04  1.1643E+00 -4.6840E-02 -8.6163E-03 -5.4465E-04
  1.9953E-02  1.4314E+00  1.5802E+00 -5.3757E-02 -5.4136E-02 -9.3491E-03 -9.2194E-03 -5.6564E-04 -5.2791E-04  1.0980E+00 -4.4185E-02 -7.7361E-03 -4.6483E-04
  2.2387E-02  1.3478E+00  1.5055E+00 -5.0586E-02 -5.1455E-02 -8.4031E-03 -8.2788E-03 -4.8171E-04 -4.3949E-04  1.0354E+00 -4.1626E-02 -6.9363E-03 -3.9254E-04
  2.5119E-02  1.2682E+00  1.4352E+00 -4.7505E-02 -4.8907E-02 -7.5456E-03 -7.4290E-03 -4.0657E-04 -3.5970E-04  9.7611E-01 -3.9158E-02 -6.2120E-03 -3.2762E-04
  2.8184E-02  1.1925E+00  1.3691E+00 -4.4507E-02 -4.6484E-02 -6.7711E-03 -6.6648E-03 -3.4001E-04 -2.8836E-04  9.2012E-01 -3.6777E-02 -5.5586E-03 -2.6987E-04
  3.1623E-02  1.1204E+00  1.3069E+00 -4.1586E-02 -4.4177E-02 -6.0739E-03 -5.9813E-03 -2.8180E-04 -2.2533E-04  8.6720E-01 -3.4477E-02 -4.9714E-03 -2.1912E-04
  3.5481E-02  1.0518E+00  1.2483E+00 -3.8734E-02 -4.1973E-02 -5.4485E-03 -5.3736E-03 -2.3169E-04 -1.7046E-04  8.1716E-01 -3.2252E-02 -4.4460E-03 -1.7516E-04
  3.9811E-02  9.8629E-01  1.1930E+00 -3.5945E-02 -3.9858E-02 -4.8896E-03 -4.8372E-03 -1.8941E-04 -1.2361E-04  7.6982E-01 -3.0096E-02 -3.9780E-03 -1.3777E-04
  4.4668E-02  9.2380E-01  1.1408E+00 -3.3210E-02 -3.7816E-02 -4.3916E-03 -4.3674E-03 -1.5466E-04 -8.4635E-05  7.2500E-01 -2.8000E-02 -3.5630E-03 -1.0674E-04
  5.0119E-02  8.6407E-01  1.0913E+00 -3.0521E-02 -3.5828E-02 -3.9494E-03 -3.9598E-03 -1.2711E-04 -5.3415E-05  6.8250E-01 -2.5958E-02 -3.1968E-03 -8.1816E-05
  5.6234E-02  8.0688E-01  1.0442E+00 -2.7872E-02 -3.3872E-02 -3.5573E-03 -3.6098E-03 -1.0638E-04 -2.9814E-05  6.4211E-01 -2.3961E-02 -2.8752E-03 -6.2722E-05
  6.3096E-02  7.5201E-01  9.9915E-01 -2.5257E-02 -3.1925E-02 -3.2101E-03 -3.3127E-03 -9.2035E-05 -1.3692E-05  6.0363E-01 -2.2000E-02 -2.5939E-03 -4.9156E-05
  7.0795E-02  6.9923E-01  9.5571E-01 -2.2669E-02 -2.9961E-02 -2.9022E-03 -3.0638E-03 -8.3558E-05 -4.8870E-06  5.6684E-01 -2.0066E-02 -2.3486E-03 -4.0778E-05
  7.9433E-02  6.4834E-01  9.1350E-01 -2.0105E-02 -2.7950E-02 -2.6280E-03 -2.8577E-03 -8.0367E-05 -3.2064E-06  5.3154E-01 -1.8151E-02 -2.1348E-03 -3.7198E-05
  8.9125E-02  5.9912E-01  8.7206E-01 -1.7563E-02 -2.5864E-02 -2.3817E-03 -2.6886E-03 -8.1779E-05 -8.3998E-06  4.9748E-01 -1.6246E-02 -1.9481E-03 -3.7969E-05
  1.0000E-01  5.5136E-01  8.3094E-01 -1.5047E-02 -2.3672E-02 -2.1577E-03 -2.5503E-03 -8.7003E-05 -2.0130E-05  4.6444E-01 -1.4345E-02 -1.7837E-03 -4.2574E-05
  1.1220E-01  5.0490E-01  7.8964E-01 -1.2562E-02 -2.1348E-02 -1.9502E-03 -2.4355E-03 -9.5126E-05 -3.7933E-05  4.3219E-01 -1.2442E-02 -1.6368E-03 -5.0414E-05
  1.2589E-01  4.5957E-01  7.4768E-01 -1.0119E-02 -1.8867E-02 -1.7535E-03 -2.3360E-03 -1.0511E-04 -6.1164E-05  4.0052E-01 -1.0537E-02 -1.5024E-03 -6.0791E-05
  1.4125E-01  4.1524E-01  7.0456E-01 -7.7370E-03 -1.6213E-02 -1.5624E-03 -2.2427E-03 -1.1579E-04 -8.8931E-05  3.6921E-01 -8.6324E-03 -1.3754E-03 -7.2893E-05
  1.5849E-01  3.7184E-01  6.5981E-01 -5.4415E-03 -1.3381E-02 -1.3719E-03 -2.1453E-03 -1.2587E-04 -1.2001E-04  3.3808E-01 -6.7360E-03 -1.2506E-03 -8.5780E-05
  1.7783E-01  3.2936E-01  6.1303E-01 -3.2665E-03 -1.0381E-02 -1.1782E-03 -2.0328E-03 -1.3398E-04 -1.5278E-04  3.0699E-01 -4.8642E-03 -1.1231E-03 -9.8379E-05
  1.9953E-01  2.8785E-01  5.6388E-01 -1.2545E-03 -7.2451E-03 -9.7874E-04 -1.8938E-03 -1.3872E-04 -1.8511E-04  2.7584E-01 -3.0420E-03 -9.8847E-04 -1.0948E-04
  2.2387E-01  2.4748E-01  5.1218E-01  5.4388E-04 -4.0324E-03 -7.7275E-04 -1.7172E-03 -1.3875E-04 -2.1431E-04  2.4460E-01 -1.3047E-03 -8.4309E-04 -1.1777E-04
  2.5119E-01  2.0851E-01  4.5793E-01  2.0722E-03 -8.3447E-04 -5.6204E-04 -1.4938E-03 -1.3292E-04 -2.3716E-04  2.1337E-01  3.0130E-04 -6.8489E-04 -1.2187E-04
  2.8184E-01  1.7132E-01  4.0139E-01  3.2723E-03  2.2215E-03 -3.5145E-04 -1.2181E-03 -1.2049E-04 -2.4999E-04  1.8233E-01  1.7192E-03 -5.1399E-04 -1.2046E-04
  3.1623E-01  1.3640E-01  3.4314E-01  4.0908E-03  4.9729E-03 -1.4925E-04 -8.9066E-04 -1.0137E-04 -2.4901E-04  1.5181E-01  2.8844E-03 -3.3361E-04 -1.1245E-04
  3.5481E-01  1.0436E-01  2.8417E-01  4.4888E-03  7.2285E-03  3.2919E-05 -5.2134E-04 -7.6405E-05 -2.3090E-04  1.2230E-01  3.7299E-03 -1.5085E-04 -9.7255E-05
  3.9811E-01  7.5860E-02  2.2589E-01  4.4543E-03  8.7860E-03  1.8096E-04 -1.3220E-04 -4.7608E-05 -1.9374E-04  9.4430E-02  4.1959E-03  2.2809E-05 -7.5138E-05
  4.4668E-01  5.1566E-02  1.7018E-01  4.0159E-03  9.4627E-03  2.8039E-04  2.4060E-04 -1.8295E-05 -1.3838E-04  6.8972E-02  4.2436E-03  1.7173E-04 -4.7637E-05
  5.0119E-01  3.2019E-02  1.1926E-01  3.2551E-03  9.1433E-03  3.2007E-04  5.4773E-04  7.1551E-06 -6.9948E-05  4.6753E-02  3.8736E-03  2.7779E-04 -1.7913E-05
  5.6234E-01  1.7517E-02  7.5538E-02  2.3104E-03  7.8429E-03  2.9729E-04  7.3335E-04  2.4104E-05  7.9518E-07  2.8560E-02  3.1449E-03  3.2416E-04  9.1713E-06
  6.3096E-01  7.9463E-03  4.1215E-02  1.3647E-03  5.7738E-03  2.2328E-04  7.5089E-04  2.9248E-05  5.7575E-05  1.4973E-02  2.1902E-03  3.0190E-04  2.7680E-05
  7.0795E-01  2.6684E-03  1.7707E-02  6.0657E-04  3.3875E-03  1.2579E-04  5.9023E-04  2.2857E-05  8.2194E-05  6.1520E-03  1.2125E-03  2.1878E-04  3.2466E-05
  7.9433E-01  5.1421E-04  4.8970E-03  1.6098E-04  1.3288E-03  4.3318E-05  3.1254E-04  1.0531E-05  6.4571E-05  1.6174E-03  4.4687E-04  1.0714E-04  2.2728E-05
  8.9125E-01  2.5240E-05  4.5869E-04  1.2079E-05  1.9628E-04  4.5723E-06  6.7169E-05  1.5544E-06  2.0545E-05  1.4293E-04  6.1638E-05  2.1257E-05  6.5602E-06


# Q =   100.0000
# x  F3Wp(LO) F3Wm(LO) F3Wp(NLO) F3Wm(NLO) F3Wp(NNLO) F3Wm(NNLO) F3Wp(N3LO) F3Wm(N3LO) F3Z(LO) F3Z(NLO) F3Z(NNLO) F3Z(N3LO)
  1.0000E-05  4.1027E+04 -4.0465E+04 -1.5136E+03  1.5501E+03 -1.7190E+02  1.7535E+02 -1.7732E+01  1.8293E+01  1.4913E+02  9.1387E+00  8.5206E-01  2.4403E-01
  1.1220E-05  3.5916E+04 -3.5379E+04 -1.3235E+03  1.3580E+03 -1.5045E+02  1.5355E+02 -1.5549E+01  1.5994E+01  1.4245E+02  8.6242E+00  7.6678E-01  1.9904E-01
  1.2589E-05  3.1440E+04 -3.0926E+04 -1.1570E+03  1.1896E+03 -1.3166E+02  1.3445E+02 -1.3636E+01  1.3979E+01  1.3608E+02  8.1335E+00  6.8782E-01  1.5900E-01
  1.4125E-05  2.7519E+04 -2.7028E+04 -1.0114E+03  1.0420E+03 -1.1521E+02  1.1770E+02 -1.1960E+01  1.2212E+01  1.2999E+02  7.6655E+00  6.1479E-01  1.2351E-01
  1.5849E-05  2.4086E+04 -2.3617E+04 -8.8388E+02  9.1276E+02 -1.0080E+02  1.0303E+02 -1.0492E+01  1.0665E+01  1.2418E+02  7.2191E+00  5.4735E-01  9.2175E-02
  1.7783E-05  2.1080E+04 -2.0631E+04 -7.7232E+02  7.9951E+02 -8.8189E+01  9.0168E+01 -9.2064E+00  9.3091E+00  1.1863E+02  6.7935E+00  4.8517E-01  6.4646E-02
  1.9953E-05  1.8448E+04 -1.8018E+04 -6.7472E+02  7.0028E+02 -7.7149E+01  7.8900E+01 -8.0796E+00  8.1218E+00  1.1333E+02  6.3876E+00  4.2792E-01  4.0588E-02
  2.2387E-05  1.6143E+04 -1.5733E+04 -5.8934E+02  6.1336E+02 -6.7486E+01  6.9026E+01 -7.0923E+00  7.0822E+00  1.0828E+02  6.0008E+00  3.7530E-01  1.9693E-02
  2.5119E-05  1.4126E+04 -1.3733E+04 -5.1467E+02  5.3721E+02 -5.9030E+01  6.0376E+01 -6.2271E+00  6.1723E+00  1.0345E+02  5.6320E+00  3.2703E-01  1.6716E-03
  2.8184E-05  1.2360E+04 -1.1984E+04 -4.4936E+02  4.7050E+02 -5.1630E+01  5.2799E+01 -5.4689E+00  5.3762E+00  9.8837E+01  5.2806E+00  2.8283E-01 -1.3743E-02
  3.1623E-05  1.0815E+04 -1.0455E+04 -3.9227E+02  4.1207E+02 -4.5155E+01  4.6162E+01 -4.8043E+00  4.6798E+00  9.4436E+01  4.9457E+00  2.4244E-01 -2.6801E-02
  3.5481E-05  9.4620E+03 -9.1183E+03 -3.4236E+02  3.6089E+02 -3.9490E+01  4.0349E+01 -4.2217E+00  4.0710E+00  9.0235E+01  4.6267E+00  2.0561E-01 -3.7731E-02
  3.9811E-05  8.2783E+03 -7.9495E+03 -2.9874E+02  3.1605E+02 -3.4534E+01  3.5258E+01 -3.7109E+00  3.5390E+00  8.6224E+01  4.3229E+00  1.7211E-01 -4.6748E-02
  4.4668E-05  7.2425E+03 -6.9280E+03 -2.6062E+02  2.7678E+02 -3.0199E+01  3.0801E+01 -3.2629E+00  3.0742E+00  8.2394E+01  4.0337E+00  1.4172E-01 -5.4051E-02
  5.0119E-05  6.3362E+03 -6.0354E+03 -2.2733E+02  2.4238E+02 -2.6408E+01  2.6899E+01 -2.8699E+00  2.6684E+00  7.8738E+01  3.7584E+00  1.1423E-01 -5.9820E-02
  5.6234E-05  5.5433E+03 -5.2556E+03 -1.9824E+02  2.1225E+02 -2.3093E+01  2.3483E+01 -2.5252E+00  2.3144E+00  7.5247E+01  3.4964E+00  8.9428E-02 -6.4226E-02
  6.3096E-05  4.8497E+03 -4.5745E+03 -1.7284E+02  1.8586E+02 -2.0193E+01  2.0494E+01 -2.2226E+00  2.0056E+00  7.1914E+01  3.2472E+00  6.7138E-02 -6.7423E-02
  7.0795E-05  4.2430E+03 -3.9797E+03 -1.5067E+02  1.6274E+02 -1.7658E+01  1.7878E+01 -1.9569E+00  1.7364E+00  6.8731E+01  3.0102E+00  4.7176E-02 -6.9555E-02
  7.9433E-05  3.7123E+03 -3.4604E+03 -1.3132E+02  1.4249E+02 -1.5442E+01  1.5589E+01 -1.7236E+00  1.5020E+00  6.5692E+01  2.7850E+00  2.9373E-02 -7.0752E-02
  8.9125E-05  3.2481E+03 -3.0072E+03 -1.1443E+02  1.2475E+02 -1.3504E+01  1.3587E+01 -1.5186E+00  1.2980E+00  6.2790E+01  2.5710E+00  1.3568E-02 -7.1134E-02
  1.0000E-04  2.8422E+03 -2.6117E+03 -9.9702E+01  1.0921E+02 -1.1811E+01  1.1837E+01 -1.3384E+00  1.1206E+00  6.0018E+01  2.3678E+00 -3.8985E-04 -7.0812E-02
  1.1220E-04  2.4872E+03 -2.2667E+03 -8.6855E+01  9.5590E+01 -1.0330E+01  1.0306E+01 -1.1800E+00  9.6645E-01  5.7371E+01  2.1750E+00 -1.2644E-02 -6.9885E-02
  1.2589E-04  2.1768E+03 -1.9659E+03 -7.5654E+01  8.3659E+01 -9.0360E+00  8.9680E+00 -1.0406E+00  8.3262E-01  5.4843E+01  1.9920E+00 -2.3329E-02 -6.8445E-02
  1.4125E-04  1.9054E+03 -1.7036E+03 -6.5891E+01  7.3205E+01 -7.9049E+00  7.7988E+00 -9.1797E-01  7.1656E-01  5.2428E+01  1.8187E+00 -3.2572E-02 -6.6574E-02
  1.5849E-04  1.6681E+03 -1.4750E+03 -5.7385E+01  6.4043E+01 -6.9163E+00  6.7774E+00 -8.0995E-01  6.1600E-01  5.0121E+01  1.6544E+00 -4.0494E-02 -6.4348E-02
  1.7783E-04  1.4606E+03 -1.2759E+03 -4.9975E+01  5.6013E+01 -6.0523E+00  5.8854E+00 -7.1477E-01  5.2898E-01  4.7917E+01  1.4989E+00 -4.7208E-02 -6.1834E-02
  1.9953E-04  1.2792E+03 -1.1025E+03 -4.3523E+01  4.8975E+01 -5.2972E+00  5.1068E+00 -6.3087E-01  4.5375E-01  4.5811E+01  1.3518E+00 -5.2820E-02 -5.9092E-02
  2.2387E-04  1.1206E+03 -9.5151E+02 -3.7907E+01  4.2805E+01 -4.6373E+00  4.4273E+00 -5.5686E-01  3.8881E-01  4.3798E+01  1.2128E+00 -5.7429E-02 -5.6178E-02
  2.5119E-04  9.8198E+02 -8.2018E+02 -3.3020E+01  3.7395E+01 -4.0604E+00  3.8346E+00 -4.9155E-01  3.3282E-01  4.1874E+01  1.0816E+00 -6.1129E-02 -5.3140E-02
  2.8184E-04  8.6076E+02 -7.0596E+02 -2.8769E+01  3.2650E+01 -3.5563E+00  3.3179E+00 -4.3387E-01  2.8462E-01  4.0035E+01  9.5781E-01 -6.4009E-02 -5.0021E-02
  3.1623E-04  7.5478E+02 -6.0668E+02 -2.5072E+01  2.8489E+01 -3.1155E+00  2.8676E+00 -3.8291E-01  2.4318E-01  3.8277E+01  8.4118E-01 -6.6150E-02 -4.6860E-02
  3.5481E-04  6.6211E+02 -5.2043E+02 -2.1859E+01  2.4839E+01 -2.7303E+00  2.4754E+00 -3.3786E-01  2.0762E-01  3.6596E+01  7.3142E-01 -6.7629E-02 -4.3689E-02
  3.9811E-04  5.8109E+02 -4.4555E+02 -1.9067E+01  2.1637E+01 -2.3934E+00  2.1341E+00 -2.9802E-01  1.7715E-01  3.4988E+01  6.2825E-01 -6.8519E-02 -4.0539E-02
  4.4668E-04  5.1024E+02 -3.8059E+02 -1.6643E+01  1.8827E+01 -2.0989E+00  1.8372E+00 -2.6275E-01  1.5108E-01  3.3451E+01  5.3143E-01 -6.8885E-02 -3.7434E-02
  5.0119E-04  4.4828E+02 -3.2427E+02 -1.4537E+01  1.6360E+01 -1.8413E+00  1.5791E+00 -2.3154E-01  1.2884E-01  3.1980E+01  4.4069E-01 -6.8791E-02 -3.4396E-02
  5.6234E-04  3.9409E+02 -2.7547E+02 -1.2710E+01  1.4195E+01 -1.6160E+00  1.3549E+00 -2.0388E-01  1.0988E-01  3.0572E+01  3.5581E-01 -6.8294E-02 -3.1443E-02
  6.3096E-04  3.4669E+02 -2.3324E+02 -1.1124E+01  1.2294E+01 -1.4189E+00  1.1604E+00 -1.7939E-01  9.3763E-02  2.9225E+01  2.7653E-01 -6.7448E-02 -2.8591E-02
  7.0795E-04  3.0521E+02 -1.9672E+02 -9.7490E+00  1.0624E+01 -1.2464E+00  9.9175E-01 -1.5767E-01  8.0086E-02  2.7935E+01  2.0266E-01 -6.6302E-02 -2.5853E-02
  7.9433E-04  2.6892E+02 -1.6517E+02 -8.5565E+00  9.1585E+00 -1.0955E+00  8.4565E-01 -1.3843E-01  6.8506E-02  2.6700E+01  1.3396E-01 -6.4902E-02 -2.3237E-02
  8.9125E-04  2.3715E+02 -1.3795E+02 -7.5226E+00  7.8711E+00 -9.6328E-01  7.1923E-01 -1.2137E-01  5.8722E-02  2.5517E+01  7.0236E-02 -6.3291E-02 -2.0753E-02
  1.0000E-03  2.0933E+02 -1.1450E+02 -6.6265E+00  6.7403E+00 -8.4753E-01  6.0997E-01 -1.0625E-01  5.0473E-02  2.4384E+01  1.1290E-02 -6.1507E-02 -1.8406E-02
  1.1220E-03  1.8496E+02 -9.4317E+01 -5.8498E+00  5.7472E+00 -7.4612E-01  5.1565E-01 -9.2842E-02  4.3533E-02  2.3299E+01 -4.3070E-02 -5.9585E-02 -1.6200E-02
  1.2589E-03  1.6361E+02 -7.6981E+01 -5.1767E+00  4.8750E+00 -6.5726E-01  4.3433E-01 -8.0967E-02  3.7706E-02  2.2258E+01 -9.3030E-02 -5.7557E-02 -1.4136E-02
  1.4125E-03  1.4489E+02 -6.2116E+01 -4.5932E+00  4.1093E+00 -5.7937E-01  3.6432E-01 -7.0451E-02  3.2822E-02  2.1261E+01 -1.3877E-01 -5.5454E-02 -1.2217E-02
  1.5849E-03  1.2847E+02 -4.9395E+01 -4.0874E+00  3.4373E+00 -5.1107E-01  3.0413E-01 -6.1144E-02  2.8734E-02  2.0304E+01 -1.8045E-01 -5.3301E-02 -1.0440E-02
  1.7783E-03  1.1406E+02 -3.8536E+01 -3.6487E+00  2.8477E+00 -4.5115E-01  2.5248E-01 -5.2914E-02  2.5316E-02  1.9386E+01 -2.1825E-01 -5.1122E-02 -8.8059E-03
  1.9953E-03  1.0141E+02 -2.9290E+01 -3.2680E+00  2.3308E+00 -3.9858E-01  2.0822E-01 -4.5645E-02  2.2459E-02  1.8506E+01 -2.5233E-01 -4.8938E-02 -7.3104E-03
  2.2387E-03  9.0290E+01 -2.1443E+01 -2.9372E+00  1.8780E+00 -3.5244E-01  1.7037E-01 -3.9233E-02  2.0070E-02  1.7661E+01 -2.8283E-01 -4.6769E-02 -5.9504E-03
  2.5119E-03  8.0509E+01 -1.4806E+01 -2.6496E+00  1.4818E+00 -3.1193E-01  1.3806E-01 -3.3586E-02  1.8069E-02  1.6850E+01 -3.0991E-01 -4.4630E-02 -4.7219E-03
  2.8184E-03  7.1898E+01 -9.2167E+00 -2.3991E+00  1.1356E+00 -2.7635E-01  1.1053E-01 -2.8622E-02  1.6388E-02  1.6070E+01 -3.3372E-01 -4.2537E-02 -3.6198E-03
  3.1623E-03  6.4310E+01 -4.5326E+00 -2.1805E+00  8.3371E-01 -2.4510E-01  8.7134E-02 -2.4268E-02  1.4969E-02  1.5322E+01 -3.5440E-01 -4.0502E-02 -2.6390E-03
  3.5481E-03  5.7615E+01 -6.3018E-01 -1.9893E+00  5.7097E-01 -2.1764E-01  6.7283E-02 -2.0460E-02  1.3763E-02  1.4602E+01 -3.7208E-01 -3.8535E-02 -1.7737E-03
  3.9811E-03  5.1702E+01  2.5978E+00 -1.8216E+00  3.4298E-01 -1.9352E-01  5.0483E-02 -1.7139E-02  1.2729E-02  1.3911E+01 -3.8689E-01 -3.6645E-02 -1.0178E-03
  4.4668E-03  4.6471E+01  5.2447E+00 -1.6739E+00  1.4583E-01 -1.7231E-01  3.6297E-02 -1.4253E-02  1.1831E-02  1.3246E+01 -3.9897E-01 -3.4839E-02 -3.6515E-04
  5.0119E-03  4.1838E+01  7.3915E+00 -1.5434E+00 -2.3897E-02 -1.5368E-01  2.4347E-02 -1.1756E-02  1.1042E-02  1.2606E+01 -4.0843E-01 -3.3123E-02  1.9081E-04
  5.6234E-03  3.7728E+01  9.1087E+00 -1.4276E+00 -1.6923E-01 -1.3730E-01  1.4305E-02 -9.6058E-03  1.0338E-02  1.1990E+01 -4.1541E-01 -3.1500E-02  6.5654E-04
  6.3096E-03  3.4075E+01  1.0457E+01 -1.3242E+00 -2.9281E-01 -1.2292E-01  5.8857E-03 -7.7647E-03  9.6974E-03  1.1397E+01 -4.2002E-01 -2.9973E-02  1.0386E-03
  7.0795E-03  3.0823E+01  1.1490E+01 -1.2314E+00 -3.9698E-01 -1.1028E-01 -1.1563E-03 -6.1988E-03  9.1059E-03  1.0827E+01 -4.2238E-01 -2.8544E-02  1.3436E-03
  7.9433E-03  2.7921E+01  1.2253E+01 -1.1476E+00 -4.8382E-01 -9.9172E-02 -7.0331E-03 -4.8775E-03  8.5501E-03  1.0277E+01 -4.2260E-01 -2.7212E-02  1.5778E-03
  8.9125E-03  2.5327E+01  1.2785E+01 -1.0713E+00 -5.5513E-01 -8.9421E-02 -1.1927E-02 -3.7732E-03  8.0198E-03  9.7470E+00 -4.2079E-01 -2.5977E-02  1.7477E-03
  1.0000E-02  2.3003E+01  1.3122E+01 -1.0014E+00 -6.1254E-01 -8.0859E-02 -1.5994E-02 -2.8610E-03  7.5070E-03  9.2362E+00 -4.1706E-01 -2.4835E-02  1.8595E-03
  1.1220E-02  2.0916E+01  1.3293E+01 -9.3688E-01 -6.5749E-01 -7.3343E-02 -1.9367E-02 -2.1181E-03  7.0058E-03  8.7436E+00 -4.1153E-01 -2.3784E-02  1.9191E-03
  1.2589E-02  1.9036E+01  1.3324E+01 -8.7689E-01 -6.9124E-01 -6.6744E-02 -2.2160E-02 -1.5243E-03  6.5116E-03  8.2685E+00 -4.0429E-01 -2.2819E-02  1.9323E-03
  1.4125E-02  1.7340E+01  1.3236E+01 -8.2069E-01 -7.1494E-01 -6.0949E-02 -2.4467E-02 -1.0608E-03  6.0213E-03  7.8100E+00 -3.9546E-01 -2.1936E-02  1.9047E-03
  1.5849E-02  1.5805E+01  1.3050E+01 -7.6768E-01 -7.2961E-01 -5.5858E-02 -2.6367E-02 -7.1085E-04  5.5330E-03  7.3675E+00 -3.8514E-01 -2.1128E-02  1.8417E-03
  1.7783E-02  1.4412E+01  1.2780E+01 -7.1735E-01 -7.3615E-01 -5.1380E-02 -2.7927E-02 -4.5915E-04  5.0456E-03  6.9403E+00 -3.7344E-01 -2.0389E-02  1.7481E-03
  1.9953E-02  1.3144E+01  1.2443E+01 -6.6928E-01 -7.3541E-01 -4.7433E-02 -2.9199E-02 -2.9182E-04  4.5586E-03  6.5278E+00 -3.6045E-01 -1.9711E-02  1.6289E-03
  2.2387E-02  1.1987E+01  1.2050E+01 -6.2314E-01 -7.2814E-01 -4.3946E-02 -3.0226E-02 -1.9620E-04  4.0724E-03  6.1294E+00 -3.4630E-01 -1.9086E-02  1.4885E-03
  2.5119E-02  1.0928E+01  1.1611E+01 -5.7866E-01 -7.1501E-01 -4.0851E-02 -3.1043E-02 -1.6081E-04  3.5877E-03  5.7445E+00 -3.3110E-01 -1.8506E-02  1.3312E-03
  2.8184E-02  9.9566E+00  1.1136E+01 -5.3562E-01 -6.9667E-01 -3.8091E-02 -3.1672E-02 -1.7514E-04  3.1058E-03  5.3728E+00 -3.1494E-01 -1.7961E-02  1.1610E-03
  3.1623E-02  9.0629E+00  1.0632E+01 -4.9389E-01 -6.7369E-01 -3.5610E-02 -3.2133E-02 -2.2964E-04  2.6283E-03  5.0137E+00 -2.9795E-01 -1.7441E-02  9.8167E-04
  3.5481E-02  8.2387E+00  1.0107E+01 -4.5335E-01 -6.4665E-01 -3.3360E-02 -3.2437E-02 -3.1555E-04  2.1569E-03  4.6669E+00 -2.8025E-01 -1.6938E-02  7.9662E-04
  3.9811E-02  7.4767E+00  9.5658E+00 -4.1396E-01 -6.1604E-01 -3.1295E-02 -3.2589E-02 -4.2483E-04  1.6939E-03  4.3320E+00 -2.6195E-01 -1.6440E-02  6.0919E-04
  4.4668E-02  6.7708E+00  9.0137E+00 -3.7568E-01 -5.8238E-01 -2.9376E-02 -3.2590E-02 -5.5009E-04  1.2416E-03  4.0087E+00 -2.4319E-01 -1.5937E-02  4.2244E-04
  5.0119E-02  6.1157E+00  8.4551E+00 -3.3855E-01 -5.4615E-01 -2.7566E-02 -3.2437E-02 -6.8451E-04  8.0268E-04  3.6969E+00 -2.2410E-01 -1.5420E-02  2.3930E-04
  5.6234E-02  5.5068E+00  7.8939E+00 -3.0262E-01 -5.0782E-01 -2.5833E-02 -3.2125E-02 -8.2181E-04  3.7998E-04  3.3964E+00 -2.0481E-01 -1.4878E-02  6.2483E-05
  6.3096E-02  4.9401E+00  7.3335E+00 -2.6796E-01 -4.6786E-01 -2.4147E-02 -3.1644E-02 -9.5613E-04 -2.3339E-05  3.1070E+00 -1.8548E-01 -1.4303E-02 -1.0539E-04
  7.0795E-02  4.4125E+00  6.7770E+00 -2.3468E-01 -4.2672E-01 -2.2486E-02 -3.0986E-02 -1.0821E-03 -4.0385E-04  2.8288E+00 -1.6625E-01 -1.3685E-02 -2.6186E-04
  7.9433E-02  3.9212E+00  6.2272E+00 -2.0292E-01 -3.8489E-01 -2.0828E-02 -3.0139E-02 -1.1946E-03 -7.5785E-04  2.5618E+00 -1.4727E-01 -1.3017E-02 -4.0458E-04
  8.9125E-02  3.4641E+00  5.6865E+00 -1.7283E-01 -3.4282E-01 -1.9158E-02 -2.9093E-02 -1.2893E-03 -1.0813E-03  2.3060E+00 -1.2872E-01 -1.2294E-02 -5.3129E-04
  1.0000E-01  3.0392E+00  5.1574E+00 -1.4455E-01 -3.0100E-01 -1.7467E-02 -2.7840E-02 -1.3619E-03 -1.3701E-03  2.0618E+00 -1.1076E-01 -1.1511E-02 -6.3992E-04
  1.1220E-01  2.6452E+00  4.6422E+00 -1.1828E-01 -2.5992E-01 -1.5751E-02 -2.6374E-02 -1.4091E-03 -1.6195E-03  1.8293E+00 -9.3565E-02 -1.0667E-02 -7.2851E-04
  1.2589E-01  2.2810E+00  4.1432E+00 -9.4175E-02 -2.2006E-01 -1.4011E-02 -2.4695E-02 -1.4278E-03 -1.8251E-03  1.6088E+00 -7.7296E-02 -9.7637E-03 -7.9534E-04
  1.4125E-01  1.9459E+00  3.6627E+00 -7.2402E-02 -1.8193E-01 -1.2256E-02 -2.2807E-02 -1.4160E-03 -1.9821E-03  1.4008E+00 -6.2128E-02 -8.8050E-03 -8.3898E-04
  1.5849E-01  1.6394E+00  3.2029E+00 -5.3111E-02 -1.4600E-01 -1.0501E-02 -2.0722E-02 -1.3727E-03 -2.0863E-03  1.2058E+00 -4.8221E-02 -7.7999E-03 -8.5837E-04
  1.7783E-01  1.3610E+00  2.7661E+00 -3.6422E-02 -1.1276E-01 -8.7684E-03 -1.8462E-02 -1.2979E-03 -2.1336E-03  1.0243E+00 -3.5723E-02 -6.7611E-03 -8.5302E-04
  1.9953E-01  1.1106E+00  2.3546E+00 -2.2417E-02 -8.2669E-02 -7.0874E-03 -1.6061E-02 -1.1934E-03 -2.1212E-03  8.5676E-01 -2.4764E-02 -5.7059E-03 -8.2309E-04
  2.2387E-01  8.8799E-01  1.9709E+00 -1.1123E-02 -5.6129E-02 -5.4919E-03 -1.3562E-02 -1.0623E-03 -2.0476E-03  7.0382E-01 -1.5445E-02 -4.6559E-03 -7.6964E-04
  2.5119E-01  6.9301E-01  1.6173E+00 -2.5020E-03 -3.3492E-02 -4.0198E-03 -1.1026E-02 -9.0977E-04 -1.9134E-03  5.6598E-01 -7.8314E-03 -3.6369E-03 -6.9482E-04
  2.8184E-01  5.2530E-01  1.2960E+00  3.5639E-03 -1.5020E-02 -2.7102E-03 -8.5228E-03 -7.4295E-04 -1.7222E-03  4.4370E-01 -1.9423E-03 -2.6778E-03 -6.0200E-04
  3.1623E-01  3.8431E-01  1.0092E+00  7.2817E-03 -8.5289E-04 -1.5999E-03 -6.1374E-03 -5.7067E-04 -1.4812E-03  3.3732E-01  2.2597E-03 -1.8092E-03 -4.9597E-04
  3.5481E-01  2.6911E-01  7.5869E-01  8.9518E-03  9.0202E-03 -7.1890E-04 -3.9619E-03 -4.0325E-04 -1.2022E-03  2.4696E-01  4.8766E-03 -1.0609E-03 -3.8288E-04
  3.9811E-01  1.7834E-01  5.4571E-01  8.9647E-03  1.4799E-02 -8.4735E-05 -2.0907E-03 -2.5163E-04 -9.0166E-04  1.7250E-01  6.0810E-03 -4.5914E-04 -2.7015E-04
  4.4668E-01  1.1010E-01  3.7089E-01  7.7856E-03  1.6899E-02  3.0257E-04 -6.1083E-04 -1.2616E-04 -6.0134E-04  1.1346E-01  6.1173E-03 -2.2209E-05 -1.6599E-04
  5.0119E-01  6.1866E-02  2.3385E-01  5.9233E-03  1.5973E-02  4.6539E-04  4.1175E-04 -3.4884E-05 -3.2678E-04  6.8955E-02  5.2944E-03  2.4368E-04 -7.8607E-05
  5.6234E-01  3.0523E-02  1.3294E-01  3.8816E-03  1.2905E-02  4.5047E-04  9.5040E-04  1.8511E-05 -1.0501E-04  3.7599E-02  3.9678E-03  3.4901E-04 -1.4960E-05
  6.3096E-01  1.2448E-02  6.4963E-02  2.0929E-03  8.7608E-03  3.2601E-04  1.0379E-03  3.6674E-05  4.0489E-05  1.7518E-02  2.5066E-03  3.2404E-04  2.0967E-05
  7.0795E-01  3.7474E-03  2.4951E-02  8.4222E-04  4.6787E-03  1.7083E-04  7.8495E-04  2.9560E-05  9.7712E-05  6.3686E-03  1.2429E-03  2.1882E-04  3.0136E-05
  7.9433E-01  6.4585E-04  6.1603E-03  2.0115E-04  1.6564E-03  5.3669E-05  3.8427E-04  1.2846E-05  7.7242E-05  1.4747E-03  4.0616E-04  9.6674E-05  2.0154E-05
  8.9125E-01  2.8303E-05  5.1461E-04  1.3522E-05  2.1959E-04  5.1098E-06  7.4884E-05  1.7305E-06  2.2788E-05  1.1420E-04  4.9238E-05  1.6965E-05  5.2245E-06


