# Q =     2.0000
# x  F1Wp(LO) F1Wm(LO) F1Wp(NLO) F1Wm(NLO) F1Wp(NNLO) F1Wm(NNLO) F1Wp(N3LO) F1Wm(N3LO) F1Z(LO) F1Z(NLO) F1Z(NNLO) F1Z(N3LO)
  1.0000E-05  1.5325E+05  1.5326E+05 -3.6773E+04 -3.6761E+04 -2.3653E+03 -2.3596E+03 -8.4618E+02 -8.4797E+02  1.0370E+05 -2.4563E+04 -1.6194E+03 -5.9486E+02
  1.1220E-05  1.3392E+05  1.3394E+05 -3.2315E+04 -3.2304E+04 -2.4375E+03 -2.4322E+03 -1.0290E+03 -1.0307E+03  9.0629E+04 -2.1584E+04 -1.6613E+03 -7.1228E+02
  1.2589E-05  1.1704E+05  1.1705E+05 -2.8395E+04 -2.8384E+04 -2.4550E+03 -2.4500E+03 -1.1411E+03 -1.1427E+03  7.9204E+04 -1.8965E+04 -1.6676E+03 -7.8326E+02
  1.4125E-05  1.0227E+05  1.0229E+05 -2.4948E+04 -2.4938E+04 -2.4301E+03 -2.4255E+03 -1.1989E+03 -1.2003E+03  6.9216E+04 -1.6663E+04 -1.6465E+03 -8.1852E+02
  1.5849E-05  8.9372E+04  8.9386E+04 -2.1918E+04 -2.1908E+04 -2.3731E+03 -2.3688E+03 -1.2153E+03 -1.2167E+03  6.0486E+04 -1.4638E+04 -1.6046E+03 -8.2671E+02
  1.7783E-05  7.8095E+04  7.8109E+04 -1.9254E+04 -1.9244E+04 -2.2922E+03 -2.2882E+03 -1.2009E+03 -1.2022E+03  5.2856E+04 -1.2858E+04 -1.5473E+03 -8.1478E+02
  1.9953E-05  6.8240E+04  6.8253E+04 -1.6912E+04 -1.6903E+04 -2.1942E+03 -2.1905E+03 -1.1642E+03 -1.1654E+03  4.6187E+04 -1.1294E+04 -1.4791E+03 -7.8830E+02
  2.2387E-05  5.9626E+04  5.9639E+04 -1.4854E+04 -1.4844E+04 -2.0846E+03 -2.0811E+03 -1.1118E+03 -1.1129E+03  4.0359E+04 -9.9190E+03 -1.4036E+03 -7.5166E+02
  2.5119E-05  5.2099E+04  5.2112E+04 -1.3044E+04 -1.3036E+04 -1.9677E+03 -1.9645E+03 -1.0490E+03 -1.0501E+03  3.5265E+04 -8.7105E+03 -1.3236E+03 -7.0834E+02
  2.8184E-05  4.5521E+04  4.5533E+04 -1.1455E+04 -1.1446E+04 -1.8471E+03 -1.8441E+03 -9.7991E+02 -9.8090E+02  3.0814E+04 -7.6485E+03 -1.2413E+03 -6.6103E+02
  3.1623E-05  3.9773E+04  3.9785E+04 -1.0057E+04 -1.0049E+04 -1.7254E+03 -1.7226E+03 -9.0767E+02 -9.0859E+02  2.6923E+04 -6.7153E+03 -1.1587E+03 -6.1180E+02
  3.5481E-05  3.4750E+04  3.4761E+04 -8.8299E+03 -8.8222E+03 -1.6049E+03 -1.6023E+03 -8.3467E+02 -8.3553E+02  2.3524E+04 -5.8954E+03 -1.0770E+03 -5.6222E+02
  3.9811E-05  3.0361E+04  3.0372E+04 -7.7514E+03 -7.7440E+03 -1.4870E+03 -1.4846E+03 -7.6271E+02 -7.6352E+02  2.0553E+04 -5.1750E+03 -9.9733E+02 -5.1346E+02
  4.4668E-05  2.6525E+04  2.6536E+04 -6.8040E+03 -6.7969E+03 -1.3731E+03 -1.3709E+03 -6.9308E+02 -6.9382E+02  1.7958E+04 -4.5423E+03 -9.2043E+02 -4.6637E+02
  5.0119E-05  2.3174E+04  2.3185E+04 -5.9718E+03 -5.9650E+03 -1.2640E+03 -1.2619E+03 -6.2667E+02 -6.2736E+02  1.5689E+04 -3.9865E+03 -8.4687E+02 -4.2152E+02
  5.6234E-05  2.0247E+04  2.0257E+04 -5.2409E+03 -5.2344E+03 -1.1602E+03 -1.1583E+03 -5.6409E+02 -5.6473E+02  1.3708E+04 -3.4983E+03 -7.7701E+02 -3.7930E+02
  6.3096E-05  1.7688E+04  1.7698E+04 -4.5990E+03 -4.5928E+03 -1.0622E+03 -1.0604E+03 -5.0568E+02 -5.0628E+02  1.1976E+04 -3.0696E+03 -7.1108E+02 -3.3994E+02
  7.0795E-05  1.5453E+04  1.5463E+04 -4.0353E+03 -4.0293E+03 -9.7011E+02 -9.6850E+02 -4.5163E+02 -4.5218E+02  1.0463E+04 -2.6932E+03 -6.4922E+02 -3.0354E+02
  7.9433E-05  1.3501E+04  1.3510E+04 -3.5403E+03 -3.5347E+03 -8.8405E+02 -8.8257E+02 -4.0196E+02 -4.0248E+02  9.1412E+03 -2.3627E+03 -5.9143E+02 -2.7011E+02
  8.9125E-05  1.1795E+04  1.1804E+04 -3.1058E+03 -3.1004E+03 -8.0395E+02 -8.0260E+02 -3.5662E+02 -3.5709E+02  7.9863E+03 -2.0725E+03 -5.3768E+02 -2.3960E+02
  1.0000E-04  1.0304E+04  1.0313E+04 -2.7243E+03 -2.7191E+03 -7.2969E+02 -7.2845E+02 -3.1544E+02 -3.1587E+02  6.9773E+03 -1.8178E+03 -4.8788E+02 -2.1191E+02
  1.1220E-04  9.0019E+03  9.0107E+03 -2.3895E+03 -2.3845E+03 -6.6108E+02 -6.5995E+02 -2.7823E+02 -2.7864E+02  6.0958E+03 -1.5942E+03 -4.4189E+02 -1.8691E+02
  1.2589E-04  7.8643E+03  7.8729E+03 -2.0956E+03 -2.0908E+03 -5.9788E+02 -5.9685E+02 -2.4477E+02 -2.4514E+02  5.3257E+03 -1.3980E+03 -3.9956E+02 -1.6442E+02
  1.4125E-04  6.8706E+03  6.8789E+03 -1.8377E+03 -1.8331E+03 -5.3983E+02 -5.3890E+02 -2.1480E+02 -2.1514E+02  4.6529E+03 -1.2258E+03 -3.6068E+02 -1.4429E+02
  1.5849E-04  6.0024E+03  6.0105E+03 -1.6113E+03 -1.6070E+03 -4.8666E+02 -4.8581E+02 -1.8805E+02 -1.8837E+02  4.0651E+03 -1.0747E+03 -3.2509E+02 -1.2632E+02
  1.7783E-04  5.2440E+03  5.2518E+03 -1.4127E+03 -1.4086E+03 -4.3806E+02 -4.3730E+02 -1.6427E+02 -1.6456E+02  3.5516E+03 -9.4214E+02 -2.9257E+02 -1.1035E+02
  1.9953E-04  4.5814E+03  4.5891E+03 -1.2385E+03 -1.2346E+03 -3.9375E+02 -3.9306E+02 -1.4319E+02 -1.4346E+02  3.1031E+03 -8.2585E+02 -2.6293E+02 -9.6196E+01
  2.2387E-04  4.0026E+03  4.0101E+03 -1.0857E+03 -1.0820E+03 -3.5342E+02 -3.5281E+02 -1.2457E+02 -1.2482E+02  2.7112E+03 -7.2383E+02 -2.3597E+02 -8.3692E+01
  2.5119E-04  3.4970E+03  3.5043E+03 -9.5161E+02 -9.4809E+02 -3.1680E+02 -3.1625E+02 -1.0816E+02 -1.0839E+02  2.3689E+03 -6.3436E+02 -2.1148E+02 -7.2677E+01
  2.8184E-04  3.0553E+03  3.0624E+03 -8.3403E+02 -8.3069E+02 -2.8360E+02 -2.8311E+02 -9.3747E+01 -9.3956E+01  2.0698E+03 -5.5589E+02 -1.8929E+02 -6.2999E+01
  3.1623E-04  2.6695E+03  2.6763E+03 -7.3092E+02 -7.2774E+02 -2.5355E+02 -2.5312E+02 -8.1116E+01 -8.1309E+01  1.8085E+03 -4.8708E+02 -1.6922E+02 -5.4519E+01
  3.5481E-04  2.3324E+03  2.3391E+03 -6.4050E+02 -6.3749E+02 -2.2640E+02 -2.2602E+02 -7.0075E+01 -7.0252E+01  1.5803E+03 -4.2675E+02 -1.5108E+02 -4.7107E+01
  3.9811E-04  2.0379E+03  2.0444E+03 -5.6121E+02 -5.5837E+02 -2.0192E+02 -2.0158E+02 -6.0448E+01 -6.0610E+01  1.3809E+03 -3.7386E+02 -1.3473E+02 -4.0642E+01
  4.4668E-04  1.7807E+03  1.7870E+03 -4.9171E+02 -4.8902E+02 -1.7986E+02 -1.7956E+02 -5.2071E+01 -5.2220E+01  1.2068E+03 -3.2749E+02 -1.2000E+02 -3.5018E+01
  5.0119E-04  1.5560E+03  1.5621E+03 -4.3078E+02 -4.2824E+02 -1.6002E+02 -1.5976E+02 -4.4798E+01 -4.4936E+01  1.0546E+03 -2.8685E+02 -1.0675E+02 -3.0134E+01
  5.6234E-04  1.3597E+03  1.3656E+03 -3.7737E+02 -3.7498E+02 -1.4220E+02 -1.4198E+02 -3.8497E+01 -3.8623E+01  9.2167E+02 -2.5123E+02 -9.4858E+01 -2.5902E+01
  6.3096E-04  1.1882E+03  1.1940E+03 -3.3056E+02 -3.2831E+02 -1.2622E+02 -1.2602E+02 -3.3049E+01 -3.3165E+01  8.0553E+02 -2.2002E+02 -8.4190E+01 -2.2242E+01
  7.0795E-04  1.0383E+03  1.0440E+03 -2.8954E+02 -2.8742E+02 -1.1190E+02 -1.1174E+02 -2.8346E+01 -2.8453E+01  7.0408E+02 -1.9267E+02 -7.4636E+01 -1.9083E+01
  7.9433E-04  9.0742E+02  9.1291E+02 -2.5359E+02 -2.5160E+02 -9.9090E+01 -9.8952E+01 -2.4295E+01 -2.4393E+01  6.1544E+02 -1.6870E+02 -6.6090E+01 -1.6360E+01
  8.9125E-04  7.9305E+02  7.9839E+02 -2.2209E+02 -2.2023E+02 -8.7645E+01 -8.7531E+01 -2.0809E+01 -2.0900E+01  5.3799E+02 -1.4771E+02 -5.8455E+01 -1.4018E+01
  1.0000E-03  6.9313E+02  6.9833E+02 -1.9449E+02 -1.9275E+02 -7.7433E+01 -7.7340E+01 -1.7816E+01 -1.7899E+01  4.7033E+02 -1.2932E+02 -5.1643E+01 -1.2006E+01
  1.1220E-03  6.0583E+02  6.1089E+02 -1.7032E+02 -1.6869E+02 -6.8331E+01 -6.8256E+01 -1.5249E+01 -1.5326E+01  4.1121E+02 -1.1321E+02 -4.5572E+01 -1.0280E+01
  1.2589E-03  5.2956E+02  5.3447E+02 -1.4914E+02 -1.4762E+02 -6.0229E+01 -6.0170E+01 -1.3051E+01 -1.3121E+01  3.5955E+02 -9.9106E+01 -4.0168E+01 -8.8014E+00
  1.4125E-03  4.6291E+02  4.6769E+02 -1.3059E+02 -1.2917E+02 -5.3025E+01 -5.2981E+01 -1.1170E+01 -1.1235E+01  3.1442E+02 -8.6752E+01 -3.5364E+01 -7.5359E+00
  1.5849E-03  4.0467E+02  4.0932E+02 -1.1434E+02 -1.1303E+02 -4.6628E+01 -4.6596E+01 -9.5620E+00 -9.6220E+00  2.7498E+02 -7.5934E+01 -3.1098E+01 -6.4539E+00
  1.7783E-03  3.5379E+02  3.5830E+02 -1.0010E+02 -9.8893E+01 -4.0954E+01 -4.0933E+01 -8.1890E+00 -8.2443E+00  2.4051E+02 -6.6462E+01 -2.7315E+01 -5.5296E+00
  1.9953E-03  3.0932E+02  3.1371E+02 -8.7638E+01 -8.6523E+01 -3.5928E+01 -3.5917E+01 -7.0172E+00 -7.0683E+00  2.1039E+02 -5.8169E+01 -2.3964E+01 -4.7404E+00
  2.2387E-03  2.7046E+02  2.7473E+02 -7.6721E+01 -7.5697E+01 -3.1481E+01 -3.1478E+01 -6.0175E+00 -6.0647E+00  1.8406E+02 -5.0908E+01 -2.0999E+01 -4.0670E+00
  2.5119E-03  2.3649E+02  2.4065E+02 -6.7162E+01 -6.6224E+01 -2.7551E+01 -2.7555E+01 -5.1649E+00 -5.2085E+00  1.6106E+02 -4.4552E+01 -1.8379E+01 -3.4923E+00
  2.8184E-03  2.0681E+02  2.1085E+02 -5.8790E+01 -5.7935E+01 -2.4083E+01 -2.4092E+01 -4.4377E+00 -4.4781E+00  1.4095E+02 -3.8988E+01 -1.6067E+01 -3.0021E+00
  3.1623E-03  1.8087E+02  1.8480E+02 -5.1459E+01 -5.0684E+01 -2.1026E+01 -2.1040E+01 -3.8174E+00 -3.8547E+00  1.2337E+02 -3.4118E+01 -1.4029E+01 -2.5836E+00
  3.5481E-03  1.5819E+02  1.6201E+02 -4.5040E+01 -4.4340E+01 -1.8335E+01 -1.8352E+01 -3.2880E+00 -3.3225E+00  1.0800E+02 -2.9856E+01 -1.2235E+01 -2.2264E+00
  3.9811E-03  1.3837E+02  1.4208E+02 -3.9418E+01 -3.8791E+01 -1.5968E+01 -1.5989E+01 -2.8359E+00 -2.8678E+00  9.4565E+01 -2.6125E+01 -1.0657E+01 -1.9211E+00
  4.4668E-03  1.2104E+02  1.2465E+02 -3.4496E+01 -3.3938E+01 -1.3891E+01 -1.3913E+01 -2.4494E+00 -2.4789E+00  8.2818E+01 -2.2859E+01 -9.2718E+00 -1.6601E+00
  5.0119E-03  1.0590E+02  1.0940E+02 -3.0185E+01 -2.9693E+01 -1.2069E+01 -1.2093E+01 -2.1188E+00 -2.1459E+00  7.2546E+01 -2.0002E+01 -8.0571E+00 -1.4367E+00
  5.6234E-03  9.2650E+01  9.6052E+01 -2.6410E+01 -2.5980E+01 -1.0473E+01 -1.0499E+01 -1.8354E+00 -1.8605E+00  6.3562E+01 -1.7500E+01 -6.9932E+00 -1.2451E+00
  6.3096E-03  8.1069E+01  8.4373E+01 -2.3104E+01 -2.2733E+01 -9.0780E+00 -9.1040E+00 -1.5923E+00 -1.6154E+00  5.5705E+01 -1.5311E+01 -6.0628E+00 -1.0806E+00
  7.0795E-03  7.0941E+01  7.4150E+01 -2.0208E+01 -1.9894E+01 -7.8595E+00 -7.8857E+00 -1.3834E+00 -1.4046E+00  4.8832E+01 -1.3395E+01 -5.2501E+00 -9.3924E-01
  7.9433E-03  6.2084E+01  6.5200E+01 -1.7672E+01 -1.7411E+01 -6.7968E+00 -6.8229E+00 -1.2035E+00 -1.2229E+00  4.2819E+01 -1.1718E+01 -4.5413E+00 -8.1743E-01
  8.9125E-03  5.4337E+01  5.7362E+01 -1.5451E+01 -1.5240E+01 -5.8713E+00 -5.8971E+00 -1.0484E+00 -1.0661E+00  3.7557E+01 -1.0250E+01 -3.9239E+00 -7.1234E-01
  1.0000E-02  4.7560E+01  5.0496E+01 -1.3505E+01 -1.3341E+01 -5.0664E+00 -5.0917E+00 -9.1438E-01 -9.3054E-01  3.2952E+01 -8.9652E+00 -3.3870E+00 -6.2150E-01
  1.1220E-02  4.1631E+01  4.4480E+01 -1.1800E+01 -1.1680E+01 -4.3674E+00 -4.3920E+00 -7.9842E-01 -8.1310E-01  2.8921E+01 -7.8403E+00 -2.9206E+00 -5.4285E-01
  1.2589E-02  3.6443E+01  3.9206E+01 -1.0306E+01 -1.0228E+01 -3.7613E+00 -3.7851E+00 -6.9792E-01 -7.1119E-01  2.5392E+01 -6.8554E+00 -2.5161E+00 -4.7465E-01
  1.4125E-02  3.1902E+01  3.4582E+01 -8.9965E+00 -8.9579E+00 -3.2363E+00 -3.2594E+00 -6.1069E-01 -6.2263E-01  2.2300E+01 -5.9930E+00 -2.1658E+00 -4.1541E-01
  1.5849E-02  2.7928E+01  3.0526E+01 -7.8491E+00 -7.8466E+00 -2.7823E+00 -2.8046E+00 -5.3488E-01 -5.4557E-01  1.9592E+01 -5.2378E+00 -1.8627E+00 -3.6391E-01
  1.7783E-02  2.4449E+01  2.6966E+01 -6.8433E+00 -6.8742E+00 -2.3902E+00 -2.4118E+00 -4.6892E-01 -4.7845E-01  1.7219E+01 -4.5763E+00 -1.6010E+00 -3.1907E-01
  1.9953E-02  2.1402E+01  2.3839E+01 -5.9615E+00 -6.0231E+00 -2.0520E+00 -2.0730E+00 -4.1148E-01 -4.1992E-01  1.5139E+01 -3.9967E+00 -1.3753E+00 -2.8000E-01
  2.2387E-02  1.8733E+01  2.1092E+01 -5.1883E+00 -5.2780E+00 -1.7606E+00 -1.7812E+00 -3.6142E-01 -3.6886E-01  1.3314E+01 -3.4888E+00 -1.1808E+00 -2.4593E-01
  2.5119E-02  1.6395E+01  1.8677E+01 -4.5102E+00 -4.6254E+00 -1.5099E+00 -1.5301E+00 -3.1778E-01 -3.2430E-01  1.1713E+01 -3.0437E+00 -1.0135E+00 -2.1622E-01
  2.8184E-02  1.4345E+01  1.6551E+01 -3.9154E+00 -4.0535E+00 -1.2943E+00 -1.3145E+00 -2.7972E-01 -2.8542E-01  1.0308E+01 -2.6533E+00 -8.6966E-01 -1.9030E-01
  3.1623E-02  1.2548E+01  1.4679E+01 -3.3935E+00 -3.5519E+00 -1.1093E+00 -1.1295E+00 -2.4651E-01 -2.5148E-01  9.0732E+00 -2.3109E+00 -7.4621E-01 -1.6768E-01
  3.5481E-02  1.0972E+01  1.3028E+01 -2.9357E+00 -3.1118E+00 -9.5044E-01 -9.7094E-01 -2.1753E-01 -2.2188E-01  7.9878E+00 -2.0104E+00 -6.4034E-01 -1.4795E-01
  3.9811E-02  9.5885E+00  1.1570E+01 -2.5339E+00 -2.7251E+00 -8.1422E-01 -8.3524E-01 -1.9224E-01 -1.9606E-01  7.0329E+00 -1.7466E+00 -5.4961E-01 -1.3073E-01
  4.4668E-02  8.3737E+00  1.0282E+01 -2.1812E+00 -2.3850E+00 -6.9744E-01 -7.1921E-01 -1.7015E-01 -1.7357E-01  6.1920E+00 -1.5149E+00 -4.7191E-01 -1.1570E-01
  5.0119E-02  7.3063E+00  9.1413E+00 -1.8718E+00 -2.0855E+00 -5.9733E-01 -6.2007E-01 -1.5084E-01 -1.5399E-01  5.4508E+00 -1.3112E+00 -4.0539E-01 -1.0259E-01
  5.6234E-02  6.3679E+00  8.1296E+00 -1.6002E+00 -1.8213E+00 -5.1148E-01 -5.3542E-01 -1.3395E-01 -1.3696E-01  4.7966E+00 -1.1320E+00 -3.4845E-01 -9.1148E-02
  6.3096E-02  5.5421E+00  7.2306E+00 -1.3619E+00 -1.5878E+00 -4.3782E-01 -4.6317E-01 -1.1914E-01 -1.2215E-01  4.2186E+00 -9.7432E-01 -2.9969E-01 -8.1150E-02
  7.0795E-02  4.8150E+00  6.4300E+00 -1.1529E+00 -1.3810E+00 -3.7455E-01 -4.0147E-01 -1.0612E-01 -1.0928E-01  3.7071E+00 -8.3543E-01 -2.5791E-01 -7.2405E-02
  7.9433E-02  4.1741E+00  5.7152E+00 -9.6981E-01 -1.1974E+00 -3.2010E-01 -3.4876E-01 -9.4642E-02 -9.8108E-02  3.2537E+00 -7.1303E-01 -2.2206E-01 -6.4741E-02
  8.9125E-02  3.6089E+00  5.0754E+00 -8.0950E-01 -1.0340E+00 -2.7315E-01 -3.0363E-01 -8.4471E-02 -8.8402E-02  2.8512E+00 -6.0511E-01 -1.9124E-01 -5.8007E-02
  1.0000E-01  3.1098E+00  4.5010E+00 -6.6939E-01 -8.8821E-01 -2.3255E-01 -2.6489E-01 -7.5408E-02 -7.9963E-02  2.4932E+00 -5.0992E-01 -1.6467E-01 -5.2067E-02
  1.1220E-01  2.6690E+00  3.9836E+00 -5.4723E-01 -7.5782E-01 -1.9732E-01 -2.3148E-01 -6.7273E-02 -7.2610E-02  2.1741E+00 -4.2597E-01 -1.4166E-01 -4.6800E-02
  1.2589E-01  2.2792E+00  3.5162E+00 -4.4107E-01 -6.4092E-01 -1.6663E-01 -2.0248E-01 -5.9911E-02 -6.6176E-02  1.8892E+00 -3.5199E-01 -1.2165E-01 -4.2097E-02
  1.4125E-01  1.9346E+00  3.0924E+00 -3.4927E-01 -5.3594E-01 -1.3978E-01 -1.7709E-01 -5.3183E-02 -6.0507E-02  1.6343E+00 -2.8690E-01 -1.0413E-01 -3.7862E-02
  1.5849E-01  1.6300E+00  2.7070E+00 -2.7039E-01 -4.4158E-01 -1.1618E-01 -1.5460E-01 -4.6972E-02 -5.5453E-02  1.4060E+00 -2.2977E-01 -8.8688E-02 -3.4006E-02
  1.7783E-01  1.3609E+00  2.3555E+00 -2.0322E-01 -3.5685E-01 -9.5368E-02 -1.3440E-01 -4.1176E-02 -5.0870E-02  1.2011E+00 -1.7986E-01 -7.4960E-02 -3.0448E-02
  1.9953E-01  1.1237E+00  2.0339E+00 -1.4673E-01 -2.8095E-01 -7.6964E-02 -1.1597E-01 -3.5712E-02 -4.6615E-02  1.0173E+00 -1.3656E-01 -6.2657E-02 -2.7117E-02
  2.2387E-01  9.1523E-01  1.7394E+00 -1.0003E-01 -2.1338E-01 -6.0687E-02 -9.8890E-02 -3.0519E-02 -4.2545E-02  8.5227E-01 -9.9365E-02 -5.1550E-02 -2.3945E-02
  2.5119E-01  7.3294E-01  1.4694E+00 -6.2315E-02 -1.5383E-01 -4.6341E-02 -8.2813E-02 -2.5555E-02 -3.8518E-02  7.0448E-01 -6.7901E-02 -4.1468E-02 -2.0878E-02
  2.8184E-01  5.7475E-01  1.2224E+00 -3.2884E-02 -1.0218E-01 -3.3811E-02 -6.7516E-02 -2.0806E-02 -3.4399E-02  5.7259E-01 -4.1859E-02 -3.2302E-02 -1.7870E-02
  3.1623E-01  4.3897E-01  9.9707E-01 -1.1038E-02 -5.8512E-02 -2.3053E-02 -5.2893E-02 -1.6288E-02 -3.0068E-02  4.5560E-01 -2.0994E-02 -2.4004E-02 -1.4893E-02
  3.5481E-01  3.2422E-01  7.9309E-01  3.9412E-03 -2.3002E-02 -1.4081E-02 -3.8982E-02 -1.2053E-02 -2.5435E-02  3.5285E-01 -5.0842E-03 -1.6589E-02 -1.1940E-02
  3.9811E-01  2.2935E-01  6.1057E-01  1.2848E-02  4.1184E-03 -6.9436E-03 -2.5985E-02 -8.1916E-03 -2.0466E-02  2.6392E-01  6.1069E-03 -1.0134E-02 -9.0348E-03
  4.4668E-01  1.5328E-01  4.5020E-01  1.6607E-02  2.2688E-02 -1.6947E-03 -1.4274E-02 -4.8283E-03 -1.5218E-02  1.8858E-01  1.2884E-02 -4.7656E-03 -6.2400E-03
  5.0119E-01  9.4854E-02  3.1307E-01  1.6313E-02  3.2771E-02  1.6579E-03 -4.3890E-03 -2.1132E-03 -9.8734E-03  1.2669E-01  1.5679E-02 -6.4084E-04 -3.6642E-03
  5.6234E-01  5.2688E-02  2.0050E-01  1.3249E-02  3.4866E-02  3.2130E-03  3.0170E-03 -1.9236E-04 -4.7855E-03  7.8094E-02  1.5121E-02  2.0893E-03 -1.4635E-03
  6.3096E-01  2.4932E-02  1.1365E-01  8.8407E-03  3.0172E-02  3.2464E-03  7.3045E-03  8.4315E-04 -4.9769E-04  4.2408E-02  1.2094E-02  3.3441E-03  1.7130E-04
  7.0795E-01  9.1137E-03  5.2924E-02  4.5259E-03  2.0850E-02  2.2652E-03  8.1004E-03  1.0335E-03  2.2982E-03  1.8811E-02  7.7616E-03  3.2055E-03  1.0554E-03
  7.9433E-01  2.0657E-03  1.7142E-02  1.4738E-03  1.0175E-02  9.8969E-04  5.7352E-03  6.3521E-04  2.9648E-03  5.7609E-03  3.5122E-03  2.0391E-03  1.1002E-03
  8.9125E-01  1.4407E-04  2.2706E-03  1.6260E-04  2.2311E-03  1.5592E-04  1.8910E-03  1.4067E-04  1.5026E-03  7.1466E-04  7.1008E-04  6.0861E-04  4.8985E-04


# Q =     2.0000
# x  F2Wp(LO) F2Wm(LO) F2Wp(NLO) F2Wm(NLO) F2Wp(NNLO) F2Wm(NNLO) F2Wp(N3LO) F2Wm(N3LO) F2Z(LO) F2Z(NLO) F2Z(NNLO) F2Z(N3LO)
  1.0000E-05  3.0649E+00  3.0652E+00  1.4962E-01  1.4989E-01 -4.1952E-01 -4.1938E-01  6.2808E-01  6.2805E-01  2.0740E+00  9.9025E-02 -2.7888E-01  4.1696E-01
  1.1220E-05  3.0053E+00  3.0057E+00  1.4588E-01  1.4617E-01 -4.1660E-01 -4.1645E-01  5.8925E-01  5.8921E-01  2.0338E+00  9.6551E-02 -2.7694E-01  3.9116E-01
  1.2589E-05  2.9468E+00  2.9472E+00  1.4216E-01  1.4248E-01 -4.1357E-01 -4.1341E-01  5.5207E-01  5.5203E-01  1.9942E+00  9.4095E-02 -2.7492E-01  3.6647E-01
  1.4125E-05  2.8893E+00  2.8897E+00  1.3848E-01  1.3882E-01 -4.1043E-01 -4.1026E-01  5.1651E-01  5.1646E-01  1.9554E+00  9.1659E-02 -2.7283E-01  3.4284E-01
  1.5849E-05  2.8329E+00  2.8333E+00  1.3482E-01  1.3519E-01 -4.0718E-01 -4.0700E-01  4.8251E-01  4.8247E-01  1.9173E+00  8.9242E-02 -2.7066E-01  3.2026E-01
  1.7783E-05  2.7775E+00  2.7780E+00  1.3119E-01  1.3158E-01 -4.0382E-01 -4.0363E-01  4.5005E-01  4.5000E-01  1.8799E+00  8.6844E-02 -2.6843E-01  2.9870E-01
  1.9953E-05  2.7231E+00  2.7237E+00  1.2758E-01  1.2801E-01 -4.0036E-01 -4.0016E-01  4.1906E-01  4.1901E-01  1.8431E+00  8.4465E-02 -2.6612E-01  2.7811E-01
  2.2387E-05  2.6697E+00  2.6703E+00  1.2401E-01  1.2447E-01 -3.9680E-01 -3.9659E-01  3.8951E-01  3.8946E-01  1.8070E+00  8.2106E-02 -2.6375E-01  2.5849E-01
  2.5119E-05  2.6173E+00  2.6180E+00  1.2046E-01  1.2097E-01 -3.9314E-01 -3.9291E-01  3.6136E-01  3.6131E-01  1.7716E+00  7.9767E-02 -2.6131E-01  2.3979E-01
  2.8184E-05  2.5659E+00  2.5666E+00  1.1695E-01  1.1749E-01 -3.8937E-01 -3.8914E-01  3.3457E-01  3.3451E-01  1.7369E+00  7.7448E-02 -2.5880E-01  2.2199E-01
  3.1623E-05  2.5155E+00  2.5162E+00  1.1346E-01  1.1404E-01 -3.8551E-01 -3.8527E-01  3.0909E-01  3.0903E-01  1.7028E+00  7.5148E-02 -2.5623E-01  2.0506E-01
  3.5481E-05  2.4659E+00  2.4668E+00  1.1000E-01  1.1063E-01 -3.8156E-01 -3.8130E-01  2.8488E-01  2.8481E-01  1.6693E+00  7.2869E-02 -2.5360E-01  1.8898E-01
  3.9811E-05  2.4174E+00  2.4183E+00  1.0657E-01  1.0725E-01 -3.7751E-01 -3.7724E-01  2.6190E-01  2.6183E-01  1.6365E+00  7.0609E-02 -2.5090E-01  1.7372E-01
  4.4668E-05  2.3697E+00  2.3707E+00  1.0317E-01  1.0390E-01 -3.7337E-01 -3.7308E-01  2.4011E-01  2.4004E-01  1.6043E+00  6.8370E-02 -2.4814E-01  1.5924E-01
  5.0119E-05  2.3229E+00  2.3240E+00  9.9794E-02  1.0058E-01 -3.6913E-01 -3.6884E-01  2.1947E-01  2.1940E-01  1.5727E+00  6.6150E-02 -2.4532E-01  1.4554E-01
  5.6234E-05  2.2771E+00  2.2783E+00  9.6448E-02  9.7296E-02 -3.6481E-01 -3.6450E-01  1.9995E-01  1.9987E-01  1.5417E+00  6.3951E-02 -2.4244E-01  1.3257E-01
  6.3096E-05  2.2321E+00  2.2334E+00  9.3130E-02  9.4044E-02 -3.6039E-01 -3.6007E-01  1.8150E-01  1.8142E-01  1.5113E+00  6.1771E-02 -2.3950E-01  1.2031E-01
  7.0795E-05  2.1880E+00  2.1894E+00  8.9840E-02  9.0823E-02 -3.5589E-01 -3.5555E-01  1.6408E-01  1.6400E-01  1.4815E+00  5.9610E-02 -2.3650E-01  1.0875E-01
  7.9433E-05  2.1448E+00  2.1463E+00  8.6577E-02  8.7635E-02 -3.5130E-01 -3.5095E-01  1.4767E-01  1.4758E-01  1.4522E+00  5.7470E-02 -2.3345E-01  9.7842E-02
  8.9125E-05  2.1024E+00  2.1040E+00  8.3341E-02  8.4479E-02 -3.4663E-01 -3.4626E-01  1.3221E-01  1.3213E-01  1.4236E+00  5.5348E-02 -2.3033E-01  8.7576E-02
  1.0000E-04  2.0608E+00  2.0626E+00  8.0132E-02  8.1354E-02 -3.4187E-01 -3.4148E-01  1.1768E-01  1.1759E-01  1.3955E+00  5.3246E-02 -2.2716E-01  7.7925E-02
  1.1220E-04  2.0201E+00  2.0220E+00  7.6948E-02  7.8261E-02 -3.3702E-01 -3.3662E-01  1.0404E-01  1.0395E-01  1.3679E+00  5.1163E-02 -2.2394E-01  6.8864E-02
  1.2589E-04  1.9801E+00  1.9823E+00  7.3790E-02  7.5200E-02 -3.3209E-01 -3.3168E-01  9.1247E-02  9.1153E-02  1.3409E+00  4.9098E-02 -2.2066E-01  6.0370E-02
  1.4125E-04  1.9410E+00  1.9433E+00  7.0656E-02  7.2170E-02 -3.2708E-01 -3.2665E-01  7.9276E-02  7.9179E-02  1.3145E+00  4.7051E-02 -2.1732E-01  5.2419E-02
  1.5849E-04  1.9026E+00  1.9052E+00  6.7547E-02  6.9170E-02 -3.2198E-01 -3.2154E-01  6.8089E-02  6.7989E-02  1.2886E+00  4.5023E-02 -2.1392E-01  4.4990E-02
  1.7783E-04  1.8650E+00  1.8679E+00  6.4460E-02  6.6201E-02 -3.1680E-01 -3.1634E-01  5.7653E-02  5.7551E-02  1.2632E+00  4.3011E-02 -2.1048E-01  3.8059E-02
  1.9953E-04  1.8282E+00  1.8313E+00  6.1396E-02  6.3262E-02 -3.1155E-01 -3.1107E-01  4.7935E-02  4.7830E-02  1.2383E+00  4.1017E-02 -2.0698E-01  3.1606E-02
  2.2387E-04  1.7922E+00  1.7955E+00  5.8354E-02  6.0351E-02 -3.0621E-01 -3.0571E-01  3.8903E-02  3.8795E-02  1.2139E+00  3.9039E-02 -2.0342E-01  2.5608E-02
  2.5119E-04  1.7568E+00  1.7605E+00  5.5332E-02  5.7469E-02 -3.0078E-01 -3.0027E-01  3.0526E-02  3.0415E-02  1.1901E+00  3.7077E-02 -1.9981E-01  2.0045E-02
  2.8184E-04  1.7222E+00  1.7262E+00  5.2329E-02  5.4615E-02 -2.9528E-01 -2.9476E-01  2.2772E-02  2.2659E-02  1.1667E+00  3.5130E-02 -1.9615E-01  1.4897E-02
  3.1623E-04  1.6883E+00  1.6927E+00  4.9344E-02  5.1787E-02 -2.8970E-01 -2.8916E-01  1.5612E-02  1.5497E-02  1.1438E+00  3.3198E-02 -1.9243E-01  1.0143E-02
  3.5481E-04  1.6551E+00  1.6599E+00  4.6377E-02  4.8986E-02 -2.8404E-01 -2.8348E-01  9.0168E-03  8.8998E-03  1.1214E+00  3.1279E-02 -1.8867E-01  5.7641E-03
  3.9811E-04  1.6226E+00  1.6278E+00  4.3425E-02  4.6209E-02 -2.7830E-01 -2.7773E-01  2.9581E-03  2.8390E-03  1.0995E+00  2.9374E-02 -1.8485E-01  1.7418E-03
  4.4668E-04  1.5908E+00  1.5965E+00  4.0487E-02  4.3456E-02 -2.7249E-01 -2.7190E-01 -2.5918E-03 -2.7127E-03  1.0781E+00  2.7480E-02 -1.8097E-01 -1.9424E-03
  5.0119E-04  1.5597E+00  1.5658E+00  3.7563E-02  4.0725E-02 -2.6659E-01 -2.6599E-01 -7.6594E-03 -7.7819E-03  1.0571E+00  2.5598E-02 -1.7705E-01 -5.3061E-03
  5.6234E-04  1.5292E+00  1.5359E+00  3.4649E-02  3.8015E-02 -2.6062E-01 -2.6000E-01 -1.2270E-02 -1.2394E-02  1.0366E+00  2.3726E-02 -1.7308E-01 -8.3664E-03
  6.3096E-04  1.4993E+00  1.5067E+00  3.1745E-02  3.5325E-02 -2.5458E-01 -2.5394E-01 -1.6450E-02 -1.6575E-02  1.0165E+00  2.1863E-02 -1.6905E-01 -1.1140E-02
  7.0795E-04  1.4701E+00  1.4781E+00  2.8849E-02  3.2652E-02 -2.4846E-01 -2.4781E-01 -2.0221E-02 -2.0347E-02  9.9690E-01  2.0008E-02 -1.6498E-01 -1.3642E-02
  7.9433E-04  1.4416E+00  1.4503E+00  2.5960E-02  2.9996E-02 -2.4226E-01 -2.4160E-01 -2.3607E-02 -2.3734E-02  9.7772E-01  1.8160E-02 -1.6086E-01 -1.5889E-02
  8.9125E-04  1.4136E+00  1.4231E+00  2.3075E-02  2.7353E-02 -2.3600E-01 -2.3532E-01 -2.6630E-02 -2.6757E-02  9.5897E-01  1.6317E-02 -1.5669E-01 -1.7894E-02
  1.0000E-03  1.3863E+00  1.3967E+00  2.0192E-02  2.4722E-02 -2.2967E-01 -2.2898E-01 -2.9310E-02 -2.9437E-02  9.4066E-01  1.4479E-02 -1.5248E-01 -1.9671E-02
  1.1220E-03  1.3595E+00  1.3709E+00  1.7310E-02  2.2101E-02 -2.2326E-01 -2.2256E-01 -3.1667E-02 -3.1795E-02  9.2277E-01  1.2643E-02 -1.4822E-01 -2.1234E-02
  1.2589E-03  1.3333E+00  1.3457E+00  1.4428E-02  1.9486E-02 -2.1680E-01 -2.1609E-01 -3.3721E-02 -3.3847E-02  9.0530E-01  1.0809E-02 -1.4392E-01 -2.2595E-02
  1.4125E-03  1.3078E+00  1.3213E+00  1.1542E-02  1.6877E-02 -2.1027E-01 -2.0955E-01 -3.5488E-02 -3.5613E-02  8.8825E-01  8.9748E-03 -1.3957E-01 -2.3765E-02
  1.5849E-03  1.2827E+00  1.2975E+00  8.6506E-03  1.4268E-02 -2.0368E-01 -2.0295E-01 -3.6985E-02 -3.7109E-02  8.7161E-01  7.1389E-03 -1.3519E-01 -2.4756E-02
  1.7783E-03  1.2583E+00  1.2743E+00  5.7527E-03  1.1658E-02 -1.9704E-01 -1.9629E-01 -3.8228E-02 -3.8350E-02  8.5538E-01  5.2997E-03 -1.3077E-01 -2.5578E-02
  1.9953E-03  1.2343E+00  1.2519E+00  2.8462E-03  9.0434E-03 -1.9035E-01 -1.8959E-01 -3.9230E-02 -3.9350E-02  8.3956E-01  3.4555E-03 -1.2632E-01 -2.6240E-02
  2.2387E-03  1.2110E+00  1.2301E+00 -7.0941E-05  6.4201E-03 -1.8361E-01 -1.8284E-01 -4.0006E-02 -4.0122E-02  8.2413E-01  1.6046E-03 -1.2184E-01 -2.6751E-02
  2.5119E-03  1.1881E+00  1.2090E+00 -3.0002E-03  3.7846E-03 -1.7683E-01 -1.7605E-01 -4.0568E-02 -4.0680E-02  8.0911E-01 -2.5473E-04 -1.1733E-01 -2.7120E-02
  2.8184E-03  1.1658E+00  1.1885E+00 -5.9432E-03  1.1330E-03 -1.7002E-01 -1.6923E-01 -4.0926E-02 -4.1033E-02  7.9448E-01 -2.1242E-03 -1.1280E-01 -2.7354E-02
  3.1623E-03  1.1439E+00  1.1687E+00 -8.9012E-03 -1.5390E-03 -1.6318E-01 -1.6238E-01 -4.1091E-02 -4.1193E-02  7.8024E-01 -4.0055E-03 -1.0825E-01 -2.7459E-02
  3.5481E-03  1.1226E+00  1.1497E+00 -1.1875E-02 -4.2357E-03 -1.5632E-01 -1.5551E-01 -4.1073E-02 -4.1167E-02  7.6639E-01 -5.9005E-03 -1.0369E-01 -2.7442E-02
  3.9811E-03  1.1017E+00  1.1313E+00 -1.4867E-02 -6.9620E-03 -1.4945E-01 -1.4863E-01 -4.0880E-02 -4.0966E-02  7.5294E-01 -7.8107E-03 -9.9117E-02 -2.7308E-02
  4.4668E-03  1.0814E+00  1.1136E+00 -1.7875E-02 -9.7226E-03 -1.4259E-01 -1.4174E-01 -4.0520E-02 -4.0596E-02  7.3987E-01 -9.7377E-03 -9.4547E-02 -2.7063E-02
  5.0119E-03  1.0615E+00  1.0966E+00 -2.0901E-02 -1.2522E-02 -1.3573E-01 -1.3487E-01 -4.0000E-02 -4.0065E-02  7.2718E-01 -1.1683E-02 -8.9983E-02 -2.6712E-02
  5.6234E-03  1.0420E+00  1.0803E+00 -2.3944E-02 -1.5367E-02 -1.2889E-01 -1.2801E-01 -3.9326E-02 -3.9378E-02  7.1487E-01 -1.3648E-02 -8.5432E-02 -2.6258E-02
  6.3096E-03  1.0230E+00  1.0647E+00 -2.7002E-02 -1.8261E-02 -1.2208E-01 -1.2118E-01 -3.8506E-02 -3.8542E-02  7.0295E-01 -1.5633E-02 -8.0903E-02 -2.5706E-02
  7.0795E-03  1.0044E+00  1.0499E+00 -3.0074E-02 -2.1210E-02 -1.1533E-01 -1.1440E-01 -3.7544E-02 -3.7562E-02  6.9141E-01 -1.7640E-02 -7.6405E-02 -2.5059E-02
  7.9433E-03  9.8630E-01  1.0358E+00 -3.3157E-02 -2.4219E-02 -1.0863E-01 -1.0768E-01 -3.6448E-02 -3.6444E-02  6.8025E-01 -1.9669E-02 -7.1946E-02 -2.4322E-02
  8.9125E-03  9.6855E-01  1.0225E+00 -3.6246E-02 -2.7292E-02 -1.0201E-01 -1.0103E-01 -3.5221E-02 -3.5193E-02  6.6946E-01 -2.1719E-02 -6.7538E-02 -2.3497E-02
  1.0000E-02  9.5119E-01  1.0099E+00 -3.9337E-02 -3.0435E-02 -9.5487E-02 -9.4466E-02 -3.3871E-02 -3.3815E-02  6.5905E-01 -2.3790E-02 -6.3191E-02 -2.2590E-02
  1.1220E-02  9.3421E-01  9.9814E-01 -4.2422E-02 -3.3652E-02 -8.9075E-02 -8.8013E-02 -3.2405E-02 -3.2315E-02  6.4900E-01 -2.5880E-02 -5.8918E-02 -2.1604E-02
  1.2589E-02  9.1757E-01  9.8716E-01 -4.5492E-02 -3.6944E-02 -8.2794E-02 -8.1686E-02 -3.0828E-02 -3.0701E-02  6.3932E-01 -2.7987E-02 -5.4730E-02 -2.0544E-02
  1.4125E-02  9.0127E-01  9.7697E-01 -4.8537E-02 -4.0314E-02 -7.6663E-02 -7.5505E-02 -2.9151E-02 -2.8980E-02  6.3001E-01 -3.0107E-02 -5.0642E-02 -1.9415E-02
  1.5849E-02  8.8527E-01  9.6760E-01 -5.1544E-02 -4.3763E-02 -7.0705E-02 -6.9492E-02 -2.7380E-02 -2.7160E-02  6.2104E-01 -3.2236E-02 -4.6666E-02 -1.8223E-02
  1.7783E-02  8.6954E-01  9.5905E-01 -5.4495E-02 -4.7287E-02 -6.4941E-02 -6.3669E-02 -2.5528E-02 -2.5251E-02  6.1242E-01 -3.4365E-02 -4.2819E-02 -1.6974E-02
  1.9953E-02  8.5406E-01  9.5132E-01 -5.7372E-02 -5.0884E-02 -5.9393E-02 -5.8060E-02 -2.3606E-02 -2.3264E-02  6.0412E-01 -3.6488E-02 -3.9115E-02 -1.5677E-02
  2.2387E-02  8.3877E-01  9.4440E-01 -6.0152E-02 -5.4545E-02 -5.4084E-02 -5.2689E-02 -2.1628E-02 -2.1213E-02  5.9614E-01 -3.8592E-02 -3.5569E-02 -1.4340E-02
  2.5119E-02  8.2365E-01  9.3828E-01 -6.2807E-02 -5.8258E-02 -4.9037E-02 -4.7580E-02 -1.9609E-02 -1.9112E-02  5.8845E-01 -4.0663E-02 -3.2198E-02 -1.2974E-02
  2.8184E-02  8.0862E-01  9.3295E-01 -6.5305E-02 -6.2006E-02 -4.4276E-02 -4.2761E-02 -1.7567E-02 -1.6979E-02  5.8103E-01 -4.2686E-02 -2.9018E-02 -1.1590E-02
  3.1623E-02  7.9363E-01  9.2836E-01 -6.7609E-02 -6.5767E-02 -3.9822E-02 -3.8258E-02 -1.5523E-02 -1.4833E-02  5.7384E-01 -4.4638E-02 -2.6045E-02 -1.0202E-02
  3.5481E-02  7.7860E-01  9.2449E-01 -6.9677E-02 -6.9511E-02 -3.5698E-02 -3.4097E-02 -1.3498E-02 -1.2697E-02  5.6683E-01 -4.6496E-02 -2.3295E-02 -8.8231E-03
  3.9811E-02  7.6345E-01  9.2124E-01 -7.1460E-02 -7.3198E-02 -3.1922E-02 -3.0304E-02 -1.1516E-02 -1.0594E-02  5.5997E-01 -4.8229E-02 -2.0782E-02 -7.4710E-03
  4.4668E-02  7.4808E-01  9.1855E-01 -7.2903E-02 -7.6780E-02 -2.8511E-02 -2.6905E-02 -9.6049E-03 -8.5524E-03  5.5317E-01 -4.9802E-02 -1.8520E-02 -6.1628E-03
  5.0119E-02  7.3237E-01  9.1630E-01 -7.3945E-02 -8.0196E-02 -2.5478E-02 -2.3921E-02 -7.7910E-03 -6.6015E-03  5.4637E-01 -5.1175E-02 -1.6520E-02 -4.9176E-03
  5.6234E-02  7.1618E-01  9.1432E-01 -7.4519E-02 -8.3372E-02 -2.2831E-02 -2.1373E-02 -6.1037E-03 -4.7730E-03  5.3947E-01 -5.2301E-02 -1.4791E-02 -3.7553E-03
  6.3096E-02  6.9937E-01  9.1244E-01 -7.4554E-02 -8.6220E-02 -2.0571E-02 -1.9277E-02 -4.5725E-03 -3.1004E-03  5.3235E-01 -5.3128E-02 -1.3339E-02 -2.6966E-03
  7.0795E-02  6.8175E-01  9.1042E-01 -7.3973E-02 -8.8634E-02 -1.8694E-02 -1.7643E-02 -3.2258E-03 -1.6182E-03  5.2489E-01 -5.3595E-02 -1.2162E-02 -1.7622E-03
  7.9433E-02  6.6313E-01  9.0795E-01 -7.2698E-02 -9.0491E-02 -1.7183E-02 -1.6473E-02 -2.0907E-03 -3.6118E-04  5.1691E-01 -5.3639E-02 -1.1258E-02 -9.7214E-04
  8.9125E-02  6.4328E-01  9.0469E-01 -7.0654E-02 -9.1651E-02 -1.6012E-02 -1.5759E-02 -1.1901E-03  6.3685E-04  5.0823E-01 -5.3189E-02 -1.0613E-02 -3.4480E-04
  1.0000E-01  6.2197E-01  9.0019E-01 -6.7767E-02 -9.1953E-02 -1.5142E-02 -1.5481E-02 -5.4179E-04  1.3447E-03  4.9863E-01 -5.2172E-02 -1.0206E-02  1.0426E-04
  1.1220E-01  5.9892E-01  8.9394E-01 -6.3978E-02 -9.1222E-02 -1.4521E-02 -1.5602E-02 -1.5560E-04  1.7360E-03  4.8787E-01 -5.0516E-02 -1.0007E-02  3.6377E-04
  1.2589E-01  5.7388E-01  8.8532E-01 -5.9243E-02 -8.9271E-02 -1.4080E-02 -1.6066E-02 -3.0946E-05  1.7913E-03  4.7567E-01 -4.8149E-02 -9.9744E-03  4.2846E-04
  1.4125E-01  5.4655E-01  8.7364E-01 -5.3548E-02 -8.5905E-02 -1.3739E-02 -1.6795E-02 -1.5420E-04  1.5016E-03  4.6171E-01 -4.5011E-02 -1.0055E-02  3.0098E-04
  1.5849E-01  5.1668E-01  8.5807E-01 -4.6913E-02 -8.0934E-02 -1.3403E-02 -1.7683E-02 -4.9615E-04  8.7216E-04  4.4566E-01 -4.1056E-02 -1.0182E-02 -6.1404E-06
  1.7783E-01  4.8402E-01  8.3773E-01 -3.9413E-02 -7.4190E-02 -1.2969E-02 -1.8596E-02 -1.0099E-03 -7.3350E-05  4.2719E-01 -3.6262E-02 -1.0279E-02 -4.6834E-04
  1.9953E-01  4.4842E-01  8.1165E-01 -3.1183E-02 -6.5548E-02 -1.2328E-02 -1.9368E-02 -1.6298E-03 -1.2877E-03  4.0594E-01 -3.0647E-02 -1.0257E-02 -1.0473E-03
  2.2387E-01  4.0979E-01  7.7880E-01 -2.2438E-02 -5.4959E-02 -1.1381E-02 -1.9804E-02 -2.2722E-03 -2.6945E-03  3.8160E-01 -2.4278E-02 -1.0021E-02 -1.6895E-03
  2.5119E-01  3.6821E-01  7.3822E-01 -1.3484E-02 -4.2491E-02 -1.0046E-02 -1.9682E-02 -2.8391E-03 -4.1834E-03  3.5392E-01 -1.7289E-02 -9.4778E-03 -2.3263E-03
  2.8184E-01  3.2397E-01  6.8902E-01 -4.7174E-03 -2.8382E-02 -8.2793E-03 -1.8771E-02 -3.2250E-03 -5.6057E-03  3.2275E-01 -9.9008E-03 -8.5442E-03 -2.8753E-03
  3.1623E-01  2.7763E-01  6.3060E-01  3.3717E-03 -1.3097E-02 -6.0919E-03 -1.6854E-02 -3.3298E-03 -6.7737E-03  2.8815E-01 -2.4316E-03 -7.1622E-03 -3.2449E-03
  3.5481E-01  2.3008E-01  5.6280E-01  1.0229E-02  2.6071E-03 -3.5756E-03 -1.3769E-02 -3.0767E-03 -7.4670E-03  2.5040E-01  4.6909E-03 -5.3195E-03 -3.3428E-03
  3.9811E-01  1.8261E-01  4.8615E-01  1.5284E-02  1.7636E-02 -9.1853E-04 -9.4716E-03 -2.4367E-03 -7.4516E-03  2.1014E-01  1.0936E-02 -3.0745E-03 -3.0909E-03
  4.4668E-01  1.3693E-01  4.0219E-01  1.8038E-02  3.0554E-02  1.5891E-03 -4.1231E-03 -1.4560E-03 -6.5198E-03  1.6847E-01  1.5704E-02 -5.8251E-04 -2.4467E-03
  5.0119E-01  9.5079E-02  3.1381E-01  1.8196E-02  3.9668E-02  3.5763E-03  1.8078E-03 -2.8062E-04 -4.5639E-03  1.2699E-01  1.8392E-02  1.8816E-03 -1.4340E-03
  5.6234E-01  5.9257E-02  2.2550E-01  1.5830E-02  4.3267E-02  4.6589E-03  7.4491E-03  8.3672E-04 -1.6927E-03  8.7831E-02  1.8534E-02  3.9217E-03 -1.7892E-04
  6.3096E-01  3.1463E-02  1.4341E-01  1.1540E-02  4.0125E-02  4.5724E-03  1.1510E-02  1.5732E-03  1.6120E-03  5.3515E-02  1.6002E-02  5.0651E-03  1.0582E-03
  7.0795E-01  1.2904E-02  7.4935E-02  6.5235E-03  3.0321E-02  3.3683E-03  1.2492E-02  1.6503E-03  4.3502E-03  2.6635E-02  1.1265E-02  4.8965E-03  1.8832E-03
  7.9433E-01  3.2817E-03  2.7232E-02  2.3605E-03  1.6357E-02  1.6036E-03  9.4045E-03  1.0501E-03  5.0671E-03  9.1521E-03  5.6429E-03  3.3366E-03  1.8670E-03
  8.9125E-01  2.5680E-04  4.0474E-03  2.9058E-04  3.9911E-03  2.7945E-04  3.3988E-03  2.5319E-04  2.7204E-03  1.2739E-03  1.2701E-03  1.0936E-03  8.8630E-04


# Q =     2.0000
# x  F3Wp(LO) F3Wm(LO) F3Wp(NLO) F3Wm(NLO) F3Wp(NNLO) F3Wm(NNLO) F3Wp(N3LO) F3Wm(N3LO) F3Z(LO) F3Z(NLO) F3Z(NNLO) F3Z(N3LO)
  1.0000E-05  4.5482E+04 -4.5335E+04 -4.3083E+03  4.3729E+03 -1.3586E+03  1.3803E+03 -5.4552E+02  5.6362E+02  3.8226E+01  1.6556E+01  5.5075E+00  5.0903E+00
  1.1220E-05  3.9826E+04 -3.9684E+04 -3.7700E+03  3.8320E+03 -1.1894E+03  1.2095E+03 -4.7780E+02  4.9370E+02  3.6936E+01  1.5880E+01  5.0826E+00  4.4774E+00
  1.2589E-05  3.4870E+04 -3.4733E+04 -3.2985E+03  3.3579E+03 -1.0412E+03  1.0597E+03 -4.1848E+02  4.3238E+02  3.5692E+01  1.5226E+01  4.6829E+00  3.9176E+00
  1.4125E-05  3.0528E+04 -3.0396E+04 -2.8854E+03  2.9424E+03 -9.1137E+02  9.2837E+02 -3.6652E+02  3.7859E+02  3.4494E+01  1.4593E+01  4.3073E+00  3.4073E+00
  1.5849E-05  2.6724E+04 -2.6596E+04 -2.5236E+03  2.5782E+03 -7.9763E+02  8.1325E+02 -3.2101E+02  3.3143E+02  3.3339E+01  1.3981E+01  3.9546E+00  2.9432E+00
  1.7783E-05  2.3392E+04 -2.3268E+04 -2.2068E+03  2.2591E+03 -6.9800E+02  7.1233E+02 -2.8115E+02  2.9007E+02  3.2226E+01  1.3389E+01  3.6238E+00  2.5221E+00
  1.9953E-05  2.0473E+04 -2.0354E+04 -1.9294E+03  1.9794E+03 -6.1076E+02  6.2386E+02 -2.4625E+02  2.5380E+02  3.1154E+01  1.2817E+01  3.3138E+00  2.1408E+00
  2.2387E-05  1.7917E+04 -1.7802E+04 -1.6865E+03  1.7344E+03 -5.3436E+02  5.4632E+02 -2.1569E+02  2.2201E+02  3.0121E+01  1.2263E+01  3.0238E+00  1.7966E+00
  2.5119E-05  1.5679E+04 -1.5567E+04 -1.4739E+03  1.5197E+03 -4.6746E+02  4.7836E+02 -1.8893E+02  1.9415E+02  2.9125E+01  1.1727E+01  2.7526E+00  1.4867E+00
  2.8184E-05  1.3719E+04 -1.3610E+04 -1.2878E+03  1.3316E+03 -4.0889E+02  4.1880E+02 -1.6550E+02  1.6973E+02  2.8166E+01  1.1209E+01  2.4994E+00  1.2086E+00
  3.1623E-05  1.2002E+04 -1.1898E+04 -1.1250E+03  1.1668E+03 -3.5763E+02  3.6661E+02 -1.4499E+02  1.4833E+02  2.7241E+01  1.0708E+01  2.2633E+00  9.5993E-01
  3.5481E-05  1.0500E+04 -1.0398E+04 -9.8250E+02  1.0224E+03 -3.1276E+02  3.2087E+02 -1.2703E+02  1.2958E+02  2.6350E+01  1.0223E+01  2.0434E+00  7.3838E-01
  3.9811E-05  9.1845E+03 -9.0864E+03 -8.5785E+02  8.9598E+02 -2.7349E+02  2.8080E+02 -1.1131E+02  1.1316E+02  2.5492E+01  9.7545E+00  1.8390E+00  5.4184E-01
  4.4668E-05  8.0332E+03 -7.9383E+03 -7.4883E+02  7.8519E+02 -2.3912E+02  2.4569E+02 -9.7548E+01  9.8783E+01  2.4664E+01  9.3015E+00  1.6492E+00  3.6830E-01
  5.0119E-05  7.0257E+03 -6.9338E+03 -6.5349E+02  6.8814E+02 -2.0906E+02  2.1493E+02 -8.5499E+01  8.6192E+01  2.3866E+01  8.8635E+00  1.4732E+00  2.1588E-01
  5.6234E-05  6.1440E+03 -6.0550E+03 -5.7013E+02  6.0313E+02 -1.8276E+02  1.8799E+02 -7.4951E+01  7.5171E+01  2.3097E+01  8.4402E+00  1.3103E+00  8.2823E-02
  6.3096E-05  5.3725E+03 -5.2863E+03 -4.9726E+02  5.2867E+02 -1.5975E+02  1.6439E+02 -6.5717E+01  6.5527E+01  2.2356E+01  8.0310E+00  1.1599E+00 -3.2525E-02
  7.0795E-05  4.6975E+03 -4.6141E+03 -4.3357E+02  4.6344E+02 -1.3963E+02  1.4372E+02 -5.7631E+01  5.7090E+01  2.1641E+01  7.6356E+00  1.0212E+00 -1.3171E-01
  7.9433E-05  4.1070E+03 -4.0262E+03 -3.7793E+02  4.0631E+02 -1.2204E+02  1.2562E+02 -5.0552E+01  4.9711E+01  2.0952E+01  7.2536E+00  8.9356E-01 -2.1619E-01
  8.9125E-05  3.5905E+03 -3.5123E+03 -3.2932E+02  3.5626E+02 -1.0665E+02  1.0977E+02 -4.4353E+01  4.3260E+01  2.0288E+01  6.8845E+00  7.7638E-01 -2.8730E-01
  1.0000E-04  3.1388E+03 -3.0630E+03 -2.8686E+02  3.1242E+02 -9.3199E+01  9.5895E+01 -3.8924E+01  3.7622E+01  1.9648E+01  6.5280E+00  6.6904E-01 -3.4632E-01
  1.1220E-04  2.7438E+03 -2.6703E+03 -2.4980E+02  2.7401E+02 -8.1441E+01  8.3748E+01 -3.4168E+01  3.2697E+01  1.9030E+01  6.1838E+00  5.7096E-01 -3.9442E-01
  1.2589E-04  2.3983E+03 -2.3272E+03 -2.1744E+02  2.4036E+02 -7.1164E+01  7.3117E+01 -3.0002E+01  2.8397E+01  1.8434E+01  5.8515E+00  4.8159E-01 -4.3269E-01
  1.4125E-04  2.0963E+03 -2.0274E+03 -1.8921E+02  2.1088E+02 -6.2182E+01  6.3813E+01 -2.6352E+01  2.4644E+01  1.7859E+01  5.5307E+00  4.0039E-01 -4.6215E-01
  1.5849E-04  1.8323E+03 -1.7655E+03 -1.6459E+02  1.8505E+02 -5.4333E+01  5.5673E+01 -2.3153E+01  2.1369E+01  1.7305E+01  5.2212E+00  3.2684E-01 -4.8376E-01
  1.7783E-04  1.6015E+03 -1.5367E+03 -1.4311E+02  1.6241E+02 -4.7475E+01  4.8551E+01 -2.0349E+01  1.8515E+01  1.6770E+01  4.9226E+00  2.6046E-01 -4.9837E-01
  1.9953E-04  1.3998E+03 -1.3370E+03 -1.2439E+02  1.4257E+02 -4.1483E+01  4.2322E+01 -1.7890E+01  1.6028E+01  1.6254E+01  4.6347E+00  2.0078E-01 -5.0680E-01
  2.2387E-04  1.2235E+03 -1.1626E+03 -1.0808E+02  1.2517E+02 -3.6248E+01  3.6875E+01 -1.5733E+01  1.3862E+01  1.5755E+01  4.3571E+00  1.4735E-01 -5.0981E-01
  2.5119E-04  1.0695E+03 -1.0105E+03 -9.3869E+01  1.0992E+02 -3.1676E+01  3.2113E+01 -1.3841E+01  1.1978E+01  1.5274E+01  4.0896E+00  9.9735E-02 -5.0807E-01
  2.8184E-04  9.3493E+02 -8.7767E+02 -8.1498E+01  9.6544E+01 -2.7682E+01  2.7950E+01 -1.2180E+01  1.0339E+01  1.4810E+01  3.8319E+00  5.7525E-02 -5.0223E-01
  3.1623E-04  8.1736E+02 -7.6183E+02 -7.0732E+01  8.4811E+01 -2.4193E+01  2.4313E+01 -1.0721E+01  8.9157E+00  1.4361E+01  3.5837E+00  2.0327E-02 -4.9285E-01
  3.5481E-04  7.1466E+02 -6.6079E+02 -6.1368E+01  7.4516E+01 -2.1147E+01  2.1136E+01 -9.4396E+00  7.6801E+00  1.3928E+01  3.3448E+00 -1.2233E-02 -4.8049E-01
  3.9811E-04  6.2496E+02 -5.7269E+02 -5.3227E+01  6.5478E+01 -1.8486E+01  1.8361E+01 -8.3133E+00  6.6086E+00  1.3509E+01  3.1150E+00 -4.0512E-02 -4.6561E-01
  4.4668E-04  5.4661E+02 -4.9591E+02 -4.6153E+01  5.7543E+01 -1.6162E+01  1.5940E+01 -7.3230E+00  5.6803E+00  1.3105E+01  2.8940E+00 -6.4851E-02 -4.4867E-01
  5.0119E-04  4.7819E+02 -4.2899E+02 -4.0011E+01  5.0572E+01 -1.4133E+01  1.3826E+01 -6.4517E+00  4.8769E+00  1.2714E+01  2.6816E+00 -8.5573E-02 -4.3006E-01
  5.6234E-04  4.1845E+02 -3.7070E+02 -3.4680E+01  4.4446E+01 -1.2361E+01  1.1983E+01 -5.6847E+00  4.1825E+00  1.2336E+01  2.4776E+00 -1.0299E-01 -4.1016E-01
  6.3096E-04  3.6628E+02 -3.1994E+02 -3.0057E+01  3.9059E+01 -1.0813E+01  1.0377E+01 -5.0092E+00  3.5829E+00  1.1970E+01  2.2817E+00 -1.1738E-01 -3.8929E-01
  7.0795E-04  3.2074E+02 -2.7576E+02 -2.6051E+01  3.4320E+01 -9.4606E+00  8.9767E+00 -4.4139E+00  3.0660E+00  1.1616E+01  2.0938E+00 -1.2904E-01 -3.6773E-01
  7.9433E-04  2.8097E+02 -2.3731E+02 -2.2581E+01  3.0148E+01 -8.2796E+00  7.7577E+00 -3.8890E+00  2.6210E+00  1.1274E+01  1.9137E+00 -1.3823E-01 -3.4577E-01
  8.9125E-04  2.4625E+02 -2.0387E+02 -1.9580E+01  2.6473E+01 -7.2479E+00  6.6967E+00 -3.4259E+00  2.2383E+00  1.0942E+01  1.7412E+00 -1.4518E-01 -3.2362E-01
  1.0000E-03  2.1594E+02 -1.7480E+02 -1.6985E+01  2.3234E+01 -6.3465E+00  5.7741E+00 -3.0172E+00  1.9099E+00  1.0621E+01  1.5761E+00 -1.5014E-01 -3.0150E-01
  1.1220E-03  1.8948E+02 -1.4954E+02 -1.4743E+01  2.0376E+01 -5.5589E+00  4.9722E+00 -2.6562E+00  1.6284E+00  1.0310E+01  1.4182E+00 -1.5333E-01 -2.7959E-01
  1.2589E-03  1.6638E+02 -1.2761E+02 -1.2810E+01  1.7854E+01 -4.8706E+00  4.2759E+00 -2.3373E+00  1.3877E+00  1.0009E+01  1.2674E+00 -1.5496E-01 -2.5805E-01
  1.4125E-03  1.4621E+02 -1.0856E+02 -1.1143E+01  1.5625E+01 -4.2689E+00  3.6718E+00 -2.0553E+00  1.1821E+00  9.7164E+00  1.1235E+00 -1.5522E-01 -2.3702E-01
  1.5849E-03  1.2860E+02 -9.2048E+01 -9.7079E+00  1.3654E+01 -3.7429E+00  3.1481E+00 -1.8060E+00  1.0069E+00  9.4329E+00  9.8635E-01 -1.5429E-01 -2.1660E-01
  1.7783E-03  1.1323E+02 -7.7733E+01 -8.4738E+00  1.1910E+01 -3.2829E+00  2.6945E+00 -1.5855E+00  8.5793E-01  9.1578E+00  8.5577E-01 -1.5236E-01 -1.9691E-01
  1.9953E-03  9.9796E+01 -6.5334E+01 -7.4137E+00  1.0364E+01 -2.8806E+00  2.3020E+00 -1.3904E+00  7.3146E-01  8.8906E+00  7.3164E-01 -1.4957E-01 -1.7802E-01
  2.2387E-03  8.8064E+01 -5.4605E+01 -6.5042E+00  8.9942E+00 -2.5287E+00  1.9628E+00 -1.2178E+00  6.2434E-01  8.6311E+00  6.1381E-01 -1.4608E-01 -1.6001E-01
  2.5119E-03  7.7814E+01 -4.5329E+01 -5.7249E+00  7.7781E+00 -2.2208E+00  1.6699E+00 -1.0650E+00  5.3380E-01  8.3788E+00  5.0216E-01 -1.4203E-01 -1.4291E-01
  2.8184E-03  6.8855E+01 -3.7319E+01 -5.0580E+00  6.6979E+00 -1.9514E+00  1.4173E+00 -9.2989E-01  4.5742E-01  8.1334E+00  3.9654E-01 -1.3754E-01 -1.2677E-01
  3.1623E-03  6.1023E+01 -3.0410E+01 -4.4880E+00  5.7375E+00 -1.7156E+00  1.1997E+00 -8.1038E-01  3.9313E-01  7.8946E+00  2.9685E-01 -1.3273E-01 -1.1163E-01
  3.5481E-03  5.4173E+01 -2.4458E+01 -4.0014E+00  4.8829E+00 -1.5092E+00  1.0125E+00 -7.0475E-01  3.3909E-01  7.6620E+00  2.0296E-01 -1.2772E-01 -9.7484E-02
  3.9811E-03  4.8178E+01 -1.9340E+01 -3.5864E+00  4.1220E+00 -1.3286E+00  8.5151E-01 -6.1144E-01  2.9374E-01  7.4353E+00  1.1475E-01 -1.2260E-01 -8.4357E-02
  4.4668E-03  4.2929E+01 -1.4945E+01 -3.2328E+00  3.4441E+00 -1.1705E+00  7.1326E-01 -5.2911E-01  2.5573E-01  7.2142E+00  3.2117E-02 -1.1745E-01 -7.2242E-02
  5.0119E-03  3.8330E+01 -1.1180E+01 -2.9317E+00  2.8400E+00 -1.0322E+00  5.9463E-01 -4.5655E-01  2.2388E-01  6.9984E+00 -4.5038E-02 -1.1238E-01 -6.1132E-02
  5.6234E-03  3.4297E+01 -7.9622E+00 -2.6754E+00  2.3013E+00 -9.1123E-01  4.9289E-01 -3.9270E-01  1.9718E-01  6.7876E+00 -1.1682E-01 -1.0743E-01 -5.1011E-02
  6.3096E-03  3.0757E+01 -5.2190E+00 -2.4570E+00  1.8211E+00 -8.0549E-01  4.0568E-01 -3.3661E-01  1.7476E-01  6.5815E+00 -1.8331E-01 -1.0269E-01 -4.1859E-02
  7.0795E-03  2.7647E+01 -2.8883E+00 -2.2708E+00  1.3932E+00 -7.1311E-01  3.3090E-01 -2.8747E-01  1.5589E-01  6.3797E+00 -2.4461E-01 -9.8201E-02 -3.3650E-02
  7.9433E-03  2.4911E+01 -9.1566E-01 -2.1117E+00  1.0122E+00 -6.3250E-01  2.6677E-01 -2.4453E-01  1.3992E-01  6.1820E+00 -3.0080E-01 -9.4019E-02 -2.6354E-02
  8.9125E-03  2.2500E+01  7.4625E-01 -1.9753E+00  6.7321E-01 -5.6223E-01  2.1169E-01 -2.0712E-01  1.2632E-01  5.9881E+00 -3.5196E-01 -9.0182E-02 -1.9936E-02
  1.0000E-02  2.0372E+01  2.1385E+00 -1.8578E+00  3.7228E-01 -5.0107E-01  1.6429E-01 -1.7467E-01  1.1463E-01  5.7978E+00 -3.9816E-01 -8.6724E-02 -1.4361E-02
  1.1220E-02  1.8492E+01  3.2969E+00 -1.7557E+00  1.0576E-01 -4.4795E-01  1.2340E-01 -1.4665E-01  1.0446E-01  5.6106E+00 -4.3947E-01 -8.3672E-02 -9.5886E-03
  1.2589E-02  1.6825E+01  4.2523E+00 -1.6663E+00 -1.2949E-01 -4.0191E-01  8.7969E-02 -1.2258E-01  9.5487E-02  5.4264E+00 -4.7596E-01 -8.1043E-02 -5.5779E-03
  1.4125E-02  1.5345E+01  5.0318E+00 -1.5872E+00 -3.3619E-01 -3.6212E-01  5.7117E-02 -1.0205E-01  8.7432E-02  5.2449E+00 -5.0770E-01 -7.8850E-02 -2.2867E-03
  1.5849E-02  1.4027E+01  5.6584E+00 -1.5160E+00 -5.1674E-01 -3.2783E-01  3.0078E-02 -8.4676E-02  8.0073E-02  5.0657E+00 -5.3474E-01 -7.7096E-02  3.2843E-04
  1.7783E-02  1.2851E+01  6.1526E+00 -1.4510E+00 -6.7322E-01 -2.9840E-01  6.1997E-03 -7.0118E-02  7.3220E-02  4.8886E+00 -5.5714E-01 -7.5778E-02  2.3115E-03
  1.9953E-02  1.1796E+01  6.5316E+00 -1.3906E+00 -8.0745E-01 -2.7323E-01 -1.5072E-02 -5.8068E-02  6.6721E-02  4.7134E+00 -5.7497E-01 -7.4886E-02  3.7067E-03
  2.2387E-02  1.0848E+01  6.8106E+00 -1.3334E+00 -9.2101E-01 -2.5181E-01 -3.4201E-02 -4.8246E-02  6.0451E-02  4.5396E+00 -5.8829E-01 -7.4401E-02  4.5582E-03
  2.5119E-02  9.9913E+00  7.0027E+00 -1.2783E+00 -1.0153E+00 -2.3366E-01 -5.1572E-02 -4.0398E-02  5.4310E-02  4.3671E+00 -5.9714E-01 -7.4299E-02  4.9098E-03
  2.8184E-02  9.2148E+00  7.1191E+00 -1.2242E+00 -1.0915E+00 -2.1835E-01 -6.7498E-02 -3.4295E-02  4.8221E-02  4.1956E+00 -6.0161E-01 -7.4545E-02  4.8050E-03
  3.1623E-02  8.5075E+00  7.1693E+00 -1.1704E+00 -1.1508E+00 -2.0549E-01 -8.2225E-02 -2.9725E-02  4.2123E-02  4.0249E+00 -6.0175E-01 -7.5099E-02  4.2871E-03
  3.5481E-02  7.8599E+00  7.1618E+00 -1.1162E+00 -1.1940E+00 -1.9470E-01 -9.5938E-02 -2.6494E-02  3.5973E-02  3.8545E+00 -5.9765E-01 -7.5909E-02  3.3986E-03
  3.9811E-02  7.2639E+00  7.1038E+00 -1.0610E+00 -1.2222E+00 -1.8564E-01 -1.0877E-01 -2.4425E-02  2.9741E-02  3.6844E+00 -5.8939E-01 -7.6917E-02  2.1820E-03
  4.4668E-02  6.7126E+00  7.0012E+00 -1.0045E+00 -1.2359E+00 -1.7798E-01 -1.2079E-01 -2.3350E-02  2.3411E-02  3.5142E+00 -5.7708E-01 -7.8056E-02  6.7985E-04
  5.0119E-02  6.1997E+00  6.8594E+00 -9.4627E-01 -1.2360E+00 -1.7143E-01 -1.3203E-01 -2.3114E-02  1.6975E-02  3.3438E+00 -5.6085E-01 -7.9250E-02 -1.0651E-03
  5.6234E-02  5.7200E+00  6.6829E+00 -8.8621E-01 -1.2232E+00 -1.6567E-01 -1.4247E-01 -2.3568E-02  1.0441E-02  3.1730E+00 -5.4083E-01 -8.0414E-02 -3.0092E-03
  6.3096E-02  5.2689E+00  6.4755E+00 -8.2424E-01 -1.1982E+00 -1.6043E-01 -1.5205E-01 -2.4570E-02  3.8249E-03  3.0015E+00 -5.1721E-01 -8.1453E-02 -5.1074E-03
  7.0795E-02  4.8426E+00  6.2407E+00 -7.6042E-01 -1.1616E+00 -1.5542E-01 -1.6065E-01 -2.5982E-02 -2.8440E-03  2.8294E+00 -4.9019E-01 -8.2268E-02 -7.3127E-03
  7.9433E-02  4.4379E+00  5.9813E+00 -6.9494E-01 -1.1143E+00 -1.5038E-01 -1.6814E-01 -2.7668E-02 -9.5235E-03  2.6564E+00 -4.6003E-01 -8.2749E-02 -9.5750E-03
  8.9125E-02  4.0519E+00  5.7000E+00 -6.2809E-01 -1.0569E+00 -1.4506E-01 -1.7434E-01 -2.9493E-02 -1.6157E-02  2.4827E+00 -4.2702E-01 -8.2784E-02 -1.1841E-02
  1.0000E-01  3.6826E+00  5.3991E+00 -5.6029E-01 -9.9029E-01 -1.3922E-01 -1.7902E-01 -3.1319E-02 -2.2670E-02  2.3083E+00 -3.9152E-01 -8.2258E-02 -1.4053E-02
  1.1220E-01  3.3284E+00  5.0807E+00 -4.9210E-01 -9.1551E-01 -1.3266E-01 -1.8195E-01 -3.3011E-02 -2.8970E-02  2.1334E+00 -3.5395E-01 -8.1057E-02 -1.6147E-02
  1.2589E-01  2.9881E+00  4.7471E+00 -4.2419E-01 -8.3363E-01 -1.2519E-01 -1.8287E-01 -3.4428E-02 -3.4942E-02  1.9583E+00 -3.1480E-01 -7.9073E-02 -1.8056E-02
  1.4125E-01  2.6609E+00  4.4003E+00 -3.5739E-01 -7.4589E-01 -1.1667E-01 -1.8151E-01 -3.5435E-02 -4.0449E-02  1.7834E+00 -2.7461E-01 -7.6209E-02 -1.9707E-02
  1.5849E-01  2.3469E+00  4.0425E+00 -2.9261E-01 -6.5373E-01 -1.0704E-01 -1.7763E-01 -3.5897E-02 -4.5328E-02  1.6094E+00 -2.3403E-01 -7.2392E-02 -2.1021E-02
  1.7783E-01  2.0462E+00  3.6762E+00 -2.3087E-01 -5.5880E-01 -9.6278E-02 -1.7100E-01 -3.5693E-02 -4.9391E-02  1.4369E+00 -1.9376E-01 -6.7573E-02 -2.1920E-02
  1.9953E-01  1.7597E+00  3.3042E+00 -1.7327E-01 -4.6294E-01 -8.4463E-02 -1.6145E-01 -3.4717E-02 -5.2427E-02  1.2671E+00 -1.5459E-01 -6.1749E-02 -2.2326E-02
  2.2387E-01  1.4885E+00  2.9296E+00 -1.2094E-01 -3.6824E-01 -7.1775E-02 -1.4889E-01 -3.2894E-02 -5.4211E-02  1.1010E+00 -1.1735E-01 -5.4967E-02 -2.2165E-02
  2.5119E-01  1.2344E+00  2.5559E+00 -7.4960E-02 -2.7698E-01 -5.8506E-02 -1.3339E-01 -3.0191E-02 -5.4513E-02  9.4019E-01 -8.2914E-02 -4.7340E-02 -2.1380E-02
  2.8184E-01  9.9920E-01  2.1874E+00 -3.6332E-02 -1.9161E-01 -4.5067E-02 -1.1516E-01 -2.6636E-02 -5.3120E-02  7.8622E-01 -5.2137E-02 -3.9060E-02 -1.9938E-02
  3.1623E-01  7.8523E-01  1.8289E+00 -5.8352E-03 -1.1469E-01 -3.1983E-02 -9.4654E-02 -2.2335E-02 -4.9864E-02  6.4098E-01 -2.5842E-02 -3.0405E-02 -1.7840E-02
  3.5481E-01  5.9477E-01  1.4858E+00  1.6070E-02 -4.8740E-02 -1.9874E-02 -7.2609E-02 -1.7487E-02 -4.4668E-02  5.0650E-01 -4.7252E-03 -2.1743E-02 -1.5140E-02
  3.9811E-01  4.3000E-01  1.1644E+00  2.9371E-02  3.9126E-03 -9.4020E-03 -5.0066E-02 -1.2395E-02 -3.7601E-02  3.8487E-01  1.0713E-02 -1.3524E-02 -1.1958E-02
  4.4668E-01  2.9270E-01  8.7106E-01  3.4629E-02  4.1426E-02 -1.1972E-03 -2.8398E-02 -7.4595E-03 -2.8948E-02  2.7815E-01  2.0273E-02 -6.2530E-03 -8.4941E-03
  5.0119E-01  1.8387E-01  6.1271E-01  3.3072E-02  6.2773E-02  4.2563E-03 -9.2654E-03 -3.1494E-03 -1.9289E-02  1.8816E-01  2.4156E-02 -4.4621E-04 -5.0322E-03
  5.6234E-01  1.0334E-01  3.9580E-01  2.6606E-02  6.8195E-02  6.7667E-03  5.5234E-03  6.5960E-05 -9.5643E-03  1.1626E-01  2.3067E-02  3.4537E-03 -1.9318E-03
  6.3096E-01  4.9323E-02  2.2571E-01  1.7704E-02  5.9695E-02  6.5918E-03  1.4302E-02  1.8366E-03 -1.0970E-03  6.2979E-02  1.8273E-02  5.1914E-03  4.1157E-04
  7.0795E-01  1.8134E-02  1.0552E-01  9.0577E-03  4.1515E-02  4.5520E-03  1.6086E-02  2.1020E-03  4.5300E-03  2.7732E-02  1.1581E-02  4.8502E-03  1.6512E-03
  7.9433E-01  4.1240E-03  3.4251E-02  2.9491E-03  2.0323E-02  1.9825E-03  1.1449E-02  1.2746E-03  5.9115E-03  8.3859E-03  5.1518E-03  3.0145E-03  1.6443E-03
  8.9125E-01  2.8803E-04  4.5406E-03  3.2529E-04  4.4614E-03  3.1207E-04  3.7812E-03  2.8143E-04  3.0043E-03  1.0211E-03  1.0181E-03  8.7561E-04  7.0748E-04


