# Q =     5.0000
# x  F1Wp(LO) F1Wm(LO) F1Wp(NLO) F1Wm(NLO) F1Wp(NNLO) F1Wm(NNLO) F1Wp(N3LO) F1Wm(N3LO) F1Z(LO) F1Z(NLO) F1Z(NNLO) F1Z(N3LO)
  1.0000E-05  4.3289E+05  4.3292E+05 -9.7383E+04 -9.7372E+04 -1.8972E+04 -1.8968E+04 -4.5932E+03 -4.5939E+03  2.8906E+05 -7.8893E+04 -1.5134E+04 -3.6683E+03
  1.1220E-05  3.7537E+05  3.7540E+05 -8.4701E+04 -8.4691E+04 -1.6768E+04 -1.6765E+04 -4.0675E+03 -4.0682E+03  2.5075E+05 -6.8634E+04 -1.3394E+04 -3.2531E+03
  1.2589E-05  3.2545E+05  3.2548E+05 -7.3658E+04 -7.3648E+04 -1.4812E+04 -1.4809E+04 -3.5949E+03 -3.5956E+03  2.1748E+05 -5.9699E+04 -1.1846E+04 -2.8787E+03
  1.4125E-05  2.8214E+05  2.8216E+05 -6.4042E+04 -6.4033E+04 -1.3075E+04 -1.3072E+04 -3.1713E+03 -3.1720E+03  1.8861E+05 -5.1917E+04 -1.0470E+04 -2.5424E+03
  1.5849E-05  2.4456E+05  2.4458E+05 -5.5672E+04 -5.5663E+04 -1.1535E+04 -1.1532E+04 -2.7927E+03 -2.7933E+03  1.6354E+05 -4.5142E+04 -9.2471E+03 -2.2411E+03
  1.7783E-05  2.1195E+05  2.1197E+05 -4.8387E+04 -4.8378E+04 -1.0170E+04 -1.0168E+04 -2.4552E+03 -2.4558E+03  1.4179E+05 -3.9243E+04 -8.1620E+03 -1.9720E+03
  1.9953E-05  1.8367E+05  1.8369E+05 -4.2047E+04 -4.2038E+04 -8.9613E+03 -8.9590E+03 -2.1550E+03 -2.1555E+03  1.2292E+05 -3.4108E+04 -7.1995E+03 -1.7322E+03
  2.2387E-05  1.5914E+05  1.5916E+05 -3.6530E+04 -3.6522E+04 -7.8916E+03 -7.8895E+03 -1.8885E+03 -1.8890E+03  1.0654E+05 -2.9640E+04 -6.3466E+03 -1.5191E+03
  2.5119E-05  1.3787E+05  1.3789E+05 -3.1732E+04 -3.1724E+04 -6.9456E+03 -6.9436E+03 -1.6526E+03 -1.6530E+03  9.2335E+04 -2.5751E+04 -5.5912E+03 -1.3301E+03
  2.8184E-05  1.1942E+05  1.1945E+05 -2.7558E+04 -2.7551E+04 -6.1095E+03 -6.1076E+03 -1.4440E+03 -1.4444E+03  8.0013E+04 -2.2369E+04 -4.9226E+03 -1.1629E+03
  3.1623E-05  1.0343E+05  1.0345E+05 -2.3928E+04 -2.3921E+04 -5.3709E+03 -5.3692E+03 -1.2600E+03 -1.2604E+03  6.9326E+04 -1.9427E+04 -4.3314E+03 -1.0152E+03
  3.5481E-05  8.9572E+04  8.9592E+04 -2.0773E+04 -2.0766E+04 -4.7190E+03 -4.7174E+03 -1.0980E+03 -1.0984E+03  6.0059E+04 -1.6868E+04 -3.8089E+03 -8.8500E+02
  3.9811E-05  7.7558E+04  7.7577E+04 -1.8030E+04 -1.8023E+04 -4.1439E+03 -4.1425E+03 -9.5558E+02 -9.5593E+02  5.2024E+04 -1.4643E+04 -3.3474E+03 -7.7045E+02
  4.4668E-05  6.7146E+04  6.7165E+04 -1.5645E+04 -1.5639E+04 -3.6369E+03 -3.6355E+03 -8.3057E+02 -8.3090E+02  4.5057E+04 -1.2709E+04 -2.9401E+03 -6.6983E+02
  5.0119E-05  5.8125E+04  5.8143E+04 -1.3574E+04 -1.3568E+04 -3.1901E+03 -3.1889E+03 -7.2103E+02 -7.2133E+02  3.9019E+04 -1.1028E+04 -2.5808E+03 -5.8160E+02
  5.6234E-05  5.0308E+04  5.0326E+04 -1.1774E+04 -1.1768E+04 -2.7967E+03 -2.7955E+03 -6.2518E+02 -6.2547E+02  3.3785E+04 -9.5674E+03 -2.2642E+03 -5.0436E+02
  6.3096E-05  4.3537E+04  4.3554E+04 -1.0210E+04 -1.0205E+04 -2.4504E+03 -2.4494E+03 -5.4144E+02 -5.4171E+02  2.9250E+04 -8.2983E+03 -1.9852E+03 -4.3684E+02
  7.0795E-05  3.7673E+04  3.7689E+04 -8.8524E+03 -8.8474E+03 -2.1458E+03 -2.1449E+03 -4.6839E+02 -4.6864E+02  2.5320E+04 -7.1959E+03 -1.7396E+03 -3.7791E+02
  7.9433E-05  3.2594E+04  3.2609E+04 -7.6735E+03 -7.6687E+03 -1.8781E+03 -1.8772E+03 -4.0474E+02 -4.0497E+02  2.1915E+04 -6.2386E+03 -1.5234E+03 -3.2655E+02
  8.9125E-05  2.8196E+04  2.8211E+04 -6.6501E+03 -6.6455E+03 -1.6428E+03 -1.6420E+03 -3.4936E+02 -3.4958E+02  1.8965E+04 -5.4074E+03 -1.3334E+03 -2.8185E+02
  1.0000E-04  2.4388E+04  2.4403E+04 -5.7618E+03 -5.7575E+03 -1.4363E+03 -1.4355E+03 -3.0124E+02 -3.0144E+02  1.6411E+04 -4.6858E+03 -1.1664E+03 -2.4300E+02
  1.1220E-04  2.1091E+04  2.1106E+04 -4.9911E+03 -4.9870E+03 -1.2550E+03 -1.2543E+03 -2.5949E+02 -2.5967E+02  1.4199E+04 -4.0595E+03 -1.0197E+03 -2.0928E+02
  1.2589E-04  1.8238E+04  1.8252E+04 -4.3224E+03 -4.3185E+03 -1.0959E+03 -1.0953E+03 -2.2329E+02 -2.2346E+02  1.2283E+04 -3.5161E+03 -8.9095E+02 -1.8005E+02
  1.4125E-04  1.5769E+04  1.5782E+04 -3.7424E+03 -3.7387E+03 -9.5653E+02 -9.5599E+02 -1.9196E+02 -1.9211E+02  1.0624E+04 -3.0447E+03 -7.7799E+02 -1.5474E+02
  1.5849E-04  1.3632E+04  1.3645E+04 -3.2394E+03 -3.2360E+03 -8.3438E+02 -8.3390E+02 -1.6486E+02 -1.6501E+02  9.1885E+03 -2.6358E+03 -6.7895E+02 -1.3286E+02
  1.7783E-04  1.1783E+04  1.1796E+04 -2.8034E+03 -2.8001E+03 -7.2742E+02 -7.2698E+02 -1.4147E+02 -1.4160E+02  7.9458E+03 -2.2812E+03 -5.9217E+02 -1.1396E+02
  1.9953E-04  1.0184E+04  1.0196E+04 -2.4254E+03 -2.4223E+03 -6.3380E+02 -6.3341E+02 -1.2128E+02 -1.2140E+02  6.8702E+03 -1.9739E+03 -5.1617E+02 -9.7663E+01
  2.2387E-04  8.8006E+03  8.8123E+03 -2.0979E+03 -2.0949E+03 -5.5191E+02 -5.5156E+02 -1.0388E+02 -1.0400E+02  5.9395E+03 -1.7074E+03 -4.4965E+02 -8.3618E+01
  2.5119E-04  7.6041E+03  7.6155E+03 -1.8141E+03 -1.8113E+03 -4.8032E+02 -4.8001E+02 -8.8910E+01 -8.9015E+01  5.1343E+03 -1.4766E+03 -3.9147E+02 -7.1531E+01
  2.8184E-04  6.5695E+03  6.5805E+03 -1.5683E+03 -1.5657E+03 -4.1776E+02 -4.1749E+02 -7.6035E+01 -7.6131E+01  4.4377E+03 -1.2766E+03 -3.4060E+02 -6.1141E+01
  3.1623E-04  5.6749E+03  5.6855E+03 -1.3554E+03 -1.3530E+03 -3.6313E+02 -3.6289E+02 -6.4975E+01 -6.5064E+01  3.8351E+03 -1.1034E+03 -2.9615E+02 -5.2218E+01
  3.5481E-04  4.9016E+03  4.9118E+03 -1.1712E+03 -1.1689E+03 -3.1546E+02 -3.1524E+02 -5.5484E+01 -5.5565E+01  3.3140E+03 -9.5343E+02 -2.5734E+02 -4.4563E+01
  3.9811E-04  4.2331E+03  4.2430E+03 -1.0117E+03 -1.0095E+03 -2.7387E+02 -2.7368E+02 -4.7347E+01 -4.7422E+01  2.8633E+03 -8.2360E+02 -2.2348E+02 -3.8004E+01
  4.4668E-04  3.6553E+03  3.6649E+03 -8.7362E+02 -8.7160E+02 -2.3761E+02 -2.3745E+02 -4.0379E+01 -4.0447E+01  2.4737E+03 -7.1124E+02 -1.9394E+02 -3.2389E+01
  5.0119E-04  3.1560E+03  3.1653E+03 -7.5421E+02 -7.5232E+02 -2.0602E+02 -2.0588E+02 -3.4416E+01 -3.4479E+01  2.1368E+03 -6.1403E+02 -1.6819E+02 -2.7586E+01
  5.6234E-04  2.7246E+03  2.7335E+03 -6.5094E+02 -6.4917E+02 -1.7852E+02 -1.7840E+02 -2.9318E+01 -2.9375E+01  1.8456E+03 -5.2994E+02 -1.4577E+02 -2.3483E+01
  6.3096E-04  2.3519E+03  2.3605E+03 -5.6164E+02 -5.5999E+02 -1.5458E+02 -1.5448E+02 -2.4963E+01 -2.5015E+01  1.5940E+03 -4.5723E+02 -1.2624E+02 -1.9979E+01
  7.0795E-04  2.0299E+03  2.0383E+03 -4.8444E+02 -4.8291E+02 -1.3376E+02 -1.3367E+02 -2.1246E+01 -2.1294E+01  1.3765E+03 -3.9437E+02 -1.0926E+02 -1.6991E+01
  7.9433E-04  1.7518E+03  1.7599E+03 -4.1773E+02 -4.1630E+02 -1.1567E+02 -1.1559E+02 -1.8075E+01 -1.8119E+01  1.1885E+03 -3.4004E+02 -9.4491E+01 -1.4444E+01
  8.9125E-04  1.5116E+03  1.5195E+03 -3.6009E+02 -3.5877E+02 -9.9948E+01 -9.9890E+01 -1.5374E+01 -1.5414E+01  1.0262E+03 -2.9310E+02 -8.1659E+01 -1.2275E+01
  1.0000E-03  1.3043E+03  1.3118E+03 -3.1031E+02 -3.0909E+02 -8.6304E+01 -8.6257E+01 -1.3072E+01 -1.3109E+01  8.8589E+02 -2.5255E+02 -7.0518E+01 -1.0428E+01
  1.1220E-03  1.1252E+03  1.1325E+03 -2.6732E+02 -2.6620E+02 -7.4468E+01 -7.4431E+01 -1.1113E+01 -1.1147E+01  7.6473E+02 -2.1754E+02 -6.0850E+01 -8.8581E+00
  1.2589E-03  9.7063E+02  9.7769E+02 -2.3022E+02 -2.2918E+02 -6.4206E+01 -6.4179E+01 -9.4469E+00 -9.4772E+00  6.6008E+02 -1.8732E+02 -5.2467E+01 -7.5234E+00
  1.4125E-03  8.3720E+02  8.4402E+02 -1.9819E+02 -1.9724E+02 -5.5316E+01 -5.5297E+01 -8.0299E+00 -8.0574E+00  5.6972E+02 -1.6124E+02 -4.5204E+01 -6.3893E+00
  1.5849E-03  7.2204E+02  7.2863E+02 -1.7056E+02 -1.6969E+02 -4.7620E+01 -4.7608E+01 -6.8254E+00 -6.8504E+00  4.9169E+02 -1.3874E+02 -3.8914E+01 -5.4263E+00
  1.7783E-03  6.2266E+02  6.2903E+02 -1.4674E+02 -1.4594E+02 -4.0962E+01 -4.0955E+01 -5.8020E+00 -5.8246E+00  4.2432E+02 -1.1933E+02 -3.3472E+01 -4.6087E+00
  1.9953E-03  5.3691E+02  5.4305E+02 -1.2619E+02 -1.2547E+02 -3.5206E+01 -3.5204E+01 -4.9326E+00 -4.9531E+00  3.6617E+02 -1.0260E+02 -2.8767E+01 -3.9149E+00
  2.2387E-03  4.6292E+02  4.6886E+02 -1.0848E+02 -1.0783E+02 -3.0234E+01 -3.0236E+01 -4.1942E+00 -4.2128E+00  3.1597E+02 -8.8181E+01 -2.4702E+01 -3.3261E+00
  2.5119E-03  3.9909E+02  4.0482E+02 -9.3221E+01 -9.2640E+01 -2.5942E+01 -2.5948E+01 -3.5672E+00 -3.5839E+00  2.7264E+02 -7.5756E+01 -2.1193E+01 -2.8266E+00
  2.8184E-03  3.4403E+02  3.4957E+02 -8.0076E+01 -7.9558E+01 -2.2240E+01 -2.2249E+01 -3.0348E+00 -3.0498E+00  2.3524E+02 -6.5056E+01 -1.8166E+01 -2.4029E+00
  3.1623E-03  2.9654E+02  3.0189E+02 -6.8756E+01 -6.8298E+01 -1.9049E+01 -1.9061E+01 -2.5826E+00 -2.5961E+00  2.0298E+02 -5.5842E+01 -1.5557E+01 -2.0434E+00
  3.5481E-03  2.5559E+02  2.6074E+02 -5.9011E+01 -5.8610E+01 -1.6302E+01 -1.6315E+01 -2.1986E+00 -2.2106E+00  1.7513E+02 -4.7912E+01 -1.3311E+01 -1.7383E+00
  3.9811E-03  2.2027E+02  2.2525E+02 -5.0625E+01 -5.0277E+01 -1.3938E+01 -1.3953E+01 -1.8724E+00 -1.8831E+00  1.5111E+02 -4.1090E+01 -1.1378E+01 -1.4794E+00
  4.4668E-03  1.8981E+02  1.9462E+02 -4.3411E+01 -4.3113E+01 -1.1906E+01 -1.1922E+01 -1.5952E+00 -1.6047E+00  1.3039E+02 -3.5222E+01 -9.7168E+00 -1.2596E+00
  5.0119E-03  1.6356E+02  1.6819E+02 -3.7206E+01 -3.6956E+01 -1.0161E+01 -1.0177E+01 -1.3595E+00 -1.3679E+00  1.1251E+02 -3.0177E+01 -8.2900E+00 -1.0729E+00
  5.6234E-03  1.4092E+02  1.4539E+02 -3.1873E+01 -3.1667E+01 -8.6630E+00 -8.6799E+00 -1.1592E+00 -1.1666E+00  9.7085E+01 -2.5842E+01 -7.0658E+00 -9.1427E-01
  6.3096E-03  1.2141E+02  1.2572E+02 -2.7289E+01 -2.7125E+01 -7.3790E+00 -7.3960E+00 -9.8875E-01 -9.9518E-01  8.3782E+01 -2.2118E+01 -6.0164E+00 -7.7944E-01
  7.0795E-03  1.0459E+02  1.0874E+02 -2.3351E+01 -2.3226E+01 -6.2792E+00 -6.2962E+00 -8.4370E-01 -8.4925E-01  7.2307E+01 -1.8920E+01 -5.1177E+00 -6.6477E-01
  7.9433E-03  9.0095E+01  9.4094E+01 -1.9969E+01 -1.9880E+01 -5.3381E+00 -5.3549E+00 -7.2019E-01 -7.2493E-01  6.2410E+01 -1.6175E+01 -4.3489E+00 -5.6719E-01
  8.9125E-03  7.7601E+01  8.1453E+01 -1.7067E+01 -1.7011E+01 -4.5336E+00 -4.5501E+00 -6.1497E-01 -6.1898E-01  5.3873E+01 -1.3819E+01 -3.6918E+00 -4.8411E-01
  1.0000E-02  6.6833E+01  7.0542E+01 -1.4576E+01 -1.4551E+01 -3.8465E+00 -3.8627E+00 -5.2530E-01 -5.2862E-01  4.6510E+01 -1.1799E+01 -3.1307E+00 -4.1334E-01
  1.1220E-02  5.7554E+01  6.1123E+01 -1.2439E+01 -1.2443E+01 -3.2603E+00 -3.2760E+00 -4.4883E-01 -4.5153E-01  4.0160E+01 -1.0068E+01 -2.6522E+00 -3.5302E-01
  1.2589E-02  4.9557E+01  5.2991E+01 -1.0607E+01 -1.0637E+01 -2.7607E+00 -2.7760E+00 -3.8361E-01 -3.8574E-01  3.4682E+01 -8.5842E+00 -2.2445E+00 -3.0158E-01
  1.4125E-02  4.2667E+01  4.5968E+01 -9.0365E+00 -9.0912E+00 -2.3354E+00 -2.3501E+00 -3.2795E-01 -3.2955E-01  2.9957E+01 -7.3135E+00 -1.8975E+00 -2.5770E-01
  1.5849E-02  3.6729E+01  3.9901E+01 -7.6913E+00 -7.7677E+00 -1.9736E+00 -1.9878E+00 -2.8043E-01 -2.8157E-01  2.5880E+01 -6.2258E+00 -1.6025E+00 -2.2025E-01
  1.7783E-02  3.1612E+01  3.4659E+01 -6.5393E+00 -6.6352E+00 -1.6662E+00 -1.6800E+00 -2.3986E-01 -2.4058E-01  2.2362E+01 -5.2952E+00 -1.3520E+00 -1.8828E-01
  1.9953E-02  2.7203E+01  3.0127E+01 -5.5533E+00 -5.6665E+00 -1.4053E+00 -1.4187E+00 -2.0522E-01 -2.0555E-01  1.9327E+01 -4.4992E+00 -1.1395E+00 -1.6098E-01
  2.2387E-02  2.3403E+01  2.6207E+01 -4.7097E+00 -4.8382E+00 -1.1840E+00 -1.1971E+00 -1.7562E-01 -1.7563E-01  1.6707E+01 -3.8189E+00 -9.5937E-01 -1.3767E-01
  2.5119E-02  2.0128E+01  2.2814E+01 -3.9883E+00 -4.1300E+00 -9.9665E-01 -1.0095E+00 -1.5035E-01 -1.5007E-01  1.4445E+01 -3.2377E+00 -8.0692E-01 -1.1775E-01
  2.8184E-02  1.7305E+01  1.9877E+01 -3.3717E+00 -3.5245E+00 -8.3808E-01 -8.5074E-01 -1.2875E-01 -1.2823E-01  1.2492E+01 -2.7414E+00 -6.7803E-01 -1.0074E-01
  3.1623E-02  1.4871E+01  1.7331E+01 -2.8449E+00 -3.0070E+00 -7.0403E-01 -7.1662E-01 -1.1031E-01 -1.0959E-01  1.0804E+01 -2.3178E+00 -5.6917E-01 -8.6209E-02
  3.5481E-02  1.2773E+01  1.5122E+01 -2.3952E+00 -2.5645E+00 -5.9082E-01 -6.0345E-01 -9.4552E-02 -9.3687E-02  9.3447E+00 -1.9565E+00 -4.7733E-01 -7.3798E-02
  3.9811E-02  1.0964E+01  1.3204E+01 -2.0114E+00 -2.1861E+00 -4.9529E-01 -5.0806E-01 -8.1091E-02 -8.0126E-02  8.0828E+00 -1.6484E+00 -3.9993E-01 -6.3199E-02
  4.4668E-02  9.4030E+00  1.1537E+01 -1.6841E+00 -1.8623E+00 -4.1475E-01 -4.2775E-01 -6.9591E-02 -6.8573E-02  6.9908E+00 -1.3858E+00 -3.3477E-01 -5.4149E-02
  5.0119E-02  8.0562E+00  1.0085E+01 -1.4052E+00 -1.5851E+00 -3.4690E-01 -3.6024E-01 -5.9764E-02 -5.8743E-02  6.0450E+00 -1.1622E+00 -2.7998E-01 -4.6421E-02
  5.6234E-02  6.8937E+00  8.8193E+00 -1.1678E+00 -1.3475E+00 -2.8978E-01 -3.0354E-01 -5.1363E-02 -5.0391E-02  5.2251E+00 -9.7178E-01 -2.3394E-01 -3.9824E-02
  6.3096E-02  5.8898E+00  7.7134E+00 -9.6579E-01 -1.1436E+00 -2.4172E-01 -2.5597E-01 -4.4178E-02 -4.3305E-02  4.5137E+00 -8.0974E-01 -1.9530E-01 -3.4192E-02
  7.0795E-02  5.0226E+00  6.7452E+00 -7.9416E-01 -9.6841E-01 -2.0129E-01 -2.1609E-01 -3.8028E-02 -3.7306E-02  3.8956E+00 -6.7191E-01 -1.6288E-01 -2.9384E-02
  7.9433E-02  4.2731E+00  5.8957E+00 -6.4854E-01 -8.1755E-01 -1.6728E-01 -1.8267E-01 -3.2757E-02 -3.2238E-02  3.3580E+00 -5.5473E-01 -1.3571E-01 -2.5279E-02
  8.9125E-02  3.6250E+00  5.1485E+00 -5.2520E-01 -6.8737E-01 -1.3867E-01 -1.5467E-01 -2.8232E-02 -2.7967E-02  2.8897E+00 -4.5519E-01 -1.1294E-01 -2.1773E-02
  1.0000E-01  3.0645E+00  4.4894E+00 -4.2099E-01 -5.7479E-01 -1.1459E-01 -1.3117E-01 -2.4338E-02 -2.4376E-02  2.4812E+00 -3.7070E-01 -9.3844E-02 -1.8777E-02
  1.1220E-01  2.5796E+00  3.9065E+00 -3.3321E-01 -4.7720E-01 -9.4306E-02 -1.1141E-01 -2.0975E-02 -2.1362E-02  2.1243E+00 -2.9906E-01 -7.7829E-02 -1.6213E-02
  1.2589E-01  2.1600E+00  3.3893E+00 -2.5957E-01 -3.9242E-01 -7.7194E-02 -9.4727E-02 -1.8060E-02 -1.8835E-02  1.8120E+00 -2.3843E-01 -6.4375E-02 -1.4015E-02
  1.4125E-01  1.7971E+00  2.9292E+00 -1.9815E-01 -3.1865E-01 -6.2736E-02 -8.0554E-02 -1.5518E-02 -1.6713E-02  1.5384E+00 -1.8725E-01 -5.3048E-02 -1.2124E-02
  1.5849E-01  1.4835E+00  2.5187E+00 -1.4730E-01 -2.5444E-01 -5.0501E-02 -6.8407E-02 -1.3287E-02 -1.4921E-02  1.2984E+00 -1.4420E-01 -4.3480E-02 -1.0489E-02
  1.7783E-01  1.2129E+00  2.1516E+00 -1.0564E-01 -1.9859E-01 -4.0131E-02 -5.7877E-02 -1.1312E-02 -1.3389E-02  1.0877E+00 -1.0820E-01 -3.5367E-02 -9.0648E-03
  1.9953E-01  9.8002E-01  1.8227E+00 -7.2004E-02 -1.5021E-01 -3.1337E-02 -4.8623E-02 -9.5490E-03 -1.2051E-02  9.0277E-01 -7.8330E-02 -2.8454E-02 -7.8115E-03
  2.2387E-01  7.8046E-01  1.5278E+00 -4.5384E-02 -1.0859E-01 -2.3889E-02 -4.0368E-02 -7.9597E-03 -1.0846E-02  7.4068E-01 -5.3844E-02 -2.2535E-02 -6.6936E-03
  2.5119E-01  6.1048E-01  1.2637E+00 -2.4915E-02 -7.3248E-02 -1.7610E-02 -3.2899E-02 -6.5159E-03 -9.7142E-03  5.9898E-01 -3.4121E-02 -1.7450E-02 -5.6805E-03
  2.8184E-01  4.6698E-01  1.0278E+00 -9.8255E-03 -4.3833E-02 -1.2368E-02 -2.6065E-02 -5.1981E-03 -8.6032E-03  4.7569E-01 -1.8645E-02 -1.3077E-02 -4.7470E-03
  3.1623E-01  3.4734E-01  8.1824E-01  5.9044E-04 -2.0126E-02 -8.0713E-03 -1.9787E-02 -3.9966E-03 -7.4680E-03  3.6926E-01 -6.9723E-03 -9.3321E-03 -3.8740E-03
  3.5481E-01  2.4932E-01  6.3382E-01  7.0119E-03 -1.9697E-03 -4.6565E-03 -1.4051E-02 -2.9121E-03 -6.2771E-03  2.7844E-01  1.2914E-03 -6.1669E-03 -3.0501E-03
  3.9811E-01  1.7094E-01  4.7386E-01  1.0122E-02  1.0789E-02 -2.0792E-03 -8.9166E-03 -1.9561E-03 -5.0186E-03  2.0225E-01  6.5276E-03 -3.5620E-03 -2.2738E-03
  4.4668E-01  1.1035E-01  3.3809E-01  1.0632E-02  1.8381E-02 -2.9779E-04 -4.5079E-03 -1.1493E-03 -3.7086E-03  1.3987E-01  9.1363E-03 -1.5206E-03 -1.5545E-03
  5.0119E-01  6.5652E-02  2.2643E-01  9.2973E-03  2.1208E-02  7.4474E-04 -9.9827E-04 -5.1766E-04 -2.3995E-03  9.0538E-02  9.5697E-03 -5.6132E-05 -9.1420E-04
  5.6234E-01  3.4837E-02  1.3875E-01  6.9076E-03  1.9950E-02  1.1427E-03  1.4246E-03 -8.4781E-05 -1.1855E-03  5.3440E-02  8.3609E-03  8.2497E-04 -3.8599E-04
  6.3096E-01  1.5601E-02  7.4548E-02  4.2438E-03  1.5662E-02  1.0467E-03  2.6209E-03  1.4081E-04 -2.0061E-04  2.7538E-02  6.1369E-03  1.1490E-03 -8.7511E-06
  7.0795E-01  5.3177E-03  3.2424E-02  1.9878E-03  9.8264E-03  6.7003E-04  2.5979E-03  1.8191E-04  4.0476E-04  1.1426E-02  3.6012E-03  1.0054E-03  1.8512E-04
  7.9433E-01  1.0939E-03  9.5468E-03  5.7929E-04  4.2714E-03  2.6406E-04  1.6442E-03  1.0657E-04  5.2578E-04  3.1873E-03  1.4594E-03  5.7706E-04  1.9277E-04
  8.9125E-01  6.4818E-05  1.0763E-03  5.3675E-05  7.8396E-04  3.5323E-05  4.5805E-04  2.0820E-05  2.3714E-04  3.3745E-04  2.4821E-04  1.4650E-04  7.6792E-05


# Q =     5.0000
# x  F2Wp(LO) F2Wm(LO) F2Wp(NLO) F2Wm(NLO) F2Wp(NNLO) F2Wm(NNLO) F2Wp(N3LO) F2Wm(N3LO) F2Z(LO) F2Z(NLO) F2Z(NNLO) F2Z(N3LO)
  1.0000E-05  8.6578E+00  8.6583E+00  1.0019E-01  1.0045E-01 -7.0778E-01 -7.0769E-01  2.8363E-01  2.8362E-01  5.7813E+00  1.0234E-01 -5.9752E-01  2.4205E-01
  1.1220E-05  8.4235E+00  8.4241E+00  9.2529E-02  9.2808E-02 -6.8999E-01 -6.8989E-01  2.6224E-01  2.6222E-01  5.6269E+00  9.5357E-02 -5.8250E-01  2.2382E-01
  1.2589E-05  8.1945E+00  8.1951E+00  8.5104E-02  8.5405E-02 -6.7242E-01 -6.7232E-01  2.4202E-01  2.4200E-01  5.4759E+00  8.8586E-02 -5.6768E-01  2.0659E-01
  1.4125E-05  7.9706E+00  7.9713E+00  7.7912E-02  7.8236E-02 -6.5509E-01 -6.5499E-01  2.2294E-01  2.2292E-01  5.3283E+00  8.2023E-02 -5.5305E-01  1.9033E-01
  1.5849E-05  7.7519E+00  7.7527E+00  7.0947E-02  7.1295E-02 -6.3800E-01 -6.3789E-01  2.0493E-01  2.0491E-01  5.1839E+00  7.5663E-02 -5.3863E-01  1.7499E-01
  1.7783E-05  7.5382E+00  7.5390E+00  6.4206E-02  6.4581E-02 -6.2115E-01 -6.2103E-01  1.8797E-01  1.8795E-01  5.0429E+00  6.9503E-02 -5.2440E-01  1.6054E-01
  1.9953E-05  7.3293E+00  7.3303E+00  5.7685E-02  5.8088E-02 -6.0454E-01 -6.0441E-01  1.7200E-01  1.7198E-01  4.9050E+00  6.3541E-02 -5.1038E-01  1.4693E-01
  2.2387E-05  7.1254E+00  7.1264E+00  5.1380E-02  5.1813E-02 -5.8816E-01 -5.8803E-01  1.5699E-01  1.5697E-01  4.7703E+00  5.7771E-02 -4.9655E-01  1.3414E-01
  2.5119E-05  6.9262E+00  6.9273E+00  4.5287E-02  4.5752E-02 -5.7203E-01 -5.7189E-01  1.4288E-01  1.4286E-01  4.6387E+00  5.2192E-02 -4.8293E-01  1.2212E-01
  2.8184E-05  6.7316E+00  6.7328E+00  3.9402E-02  3.9901E-02 -5.5614E-01 -5.5600E-01  1.2965E-01  1.2963E-01  4.5102E+00  4.6800E-02 -4.6952E-01  1.1084E-01
  3.1623E-05  6.5417E+00  6.5430E+00  3.3721E-02  3.4257E-02 -5.4050E-01 -5.4034E-01  1.1725E-01  1.1723E-01  4.3846E+00  4.1591E-02 -4.5630E-01  1.0027E-01
  3.5481E-05  6.3563E+00  6.3577E+00  2.8241E-02  2.8816E-02 -5.2509E-01 -5.2493E-01  1.0565E-01  1.0562E-01  4.2619E+00  3.6562E-02 -4.4329E-01  9.0381E-02
  3.9811E-05  6.1753E+00  6.1768E+00  2.2958E-02  2.3575E-02 -5.0993E-01 -5.0976E-01  9.4797E-02  9.4768E-02  4.1422E+00  3.1710E-02 -4.3049E-01  8.1134E-02
  4.4668E-05  5.9986E+00  6.0003E+00  1.7866E-02  1.8528E-02 -4.9501E-01 -4.9484E-01  8.4671E-02  8.4641E-02  4.0253E+00  2.7031E-02 -4.1789E-01  7.2502E-02
  5.0119E-05  5.8263E+00  5.8281E+00  1.2964E-02  1.3673E-02 -4.8034E-01 -4.8016E-01  7.5233E-02  7.5201E-02  3.9111E+00  2.2521E-02 -4.0550E-01  6.4455E-02
  5.6234E-05  5.6581E+00  5.6601E+00  8.2465E-03  9.0064E-03 -4.6591E-01 -4.6572E-01  6.6449E-02  6.6416E-02  3.7998E+00  1.8178E-02 -3.9331E-01  5.6967E-02
  6.3096E-05  5.4940E+00  5.4962E+00  3.7100E-03  4.5239E-03 -4.5173E-01 -4.5153E-01  5.8288E-02  5.8254E-02  3.6911E+00  1.3999E-02 -3.8132E-01  5.0008E-02
  7.0795E-05  5.3340E+00  5.3363E+00 -6.4937E-04  2.2193E-04 -4.3778E-01 -4.3757E-01  5.0718E-02  5.0683E-02  3.5850E+00  9.9790E-03 -3.6954E-01  4.3553E-02
  7.9433E-05  5.1780E+00  5.1805E+00 -4.8354E-03 -3.9031E-03 -4.2408E-01 -4.2387E-01  4.3710E-02  4.3673E-02  3.4815E+00  6.1157E-03 -3.5797E-01  3.7576E-02
  8.9125E-05  5.0259E+00  5.0286E+00 -8.8519E-03 -7.8547E-03 -4.1063E-01 -4.1040E-01  3.7234E-02  3.7195E-02  3.3806E+00  2.4057E-03 -3.4660E-01  3.2053E-02
  1.0000E-04  4.8776E+00  4.8805E+00 -1.2703E-02 -1.1637E-02 -3.9741E-01 -3.9718E-01  3.1262E-02  3.1221E-02  3.2822E+00 -1.1543E-03 -3.3543E-01  2.6958E-02
  1.1220E-04  4.7330E+00  4.7362E+00 -1.6392E-02 -1.5253E-02 -3.8443E-01 -3.8419E-01  2.5767E-02  2.5725E-02  3.1862E+00 -4.5676E-03 -3.2447E-01  2.2270E-02
  1.2589E-04  4.5921E+00  4.5956E+00 -1.9922E-02 -1.8706E-02 -3.7170E-01 -3.7145E-01  2.0723E-02  2.0679E-02  3.0926E+00 -7.8375E-03 -3.1370E-01  1.7967E-02
  1.4125E-04  4.4548E+00  4.4586E+00 -2.3299E-02 -2.2001E-02 -3.5920E-01 -3.5894E-01  1.6105E-02  1.6060E-02  3.0014E+00 -1.0967E-02 -3.0314E-01  1.4025E-02
  1.5849E-04  4.3211E+00  4.3252E+00 -2.6525E-02 -2.5140E-02 -3.4695E-01 -3.4668E-01  1.1888E-02  1.1842E-02  2.9126E+00 -1.3960E-02 -2.9278E-01  1.0426E-02
  1.7783E-04  4.1908E+00  4.1953E+00 -2.9604E-02 -2.8128E-02 -3.3493E-01 -3.3465E-01  8.0498E-03  8.0018E-03  2.8260E+00 -1.6819E-02 -2.8262E-01  7.1497E-03
  1.9953E-04  4.0640E+00  4.0688E+00 -3.2540E-02 -3.0968E-02 -3.2314E-01 -3.2285E-01  4.5676E-03  4.5180E-03  2.7416E+00 -1.9548E-02 -2.7266E-01  4.1761E-03
  2.2387E-04  3.9404E+00  3.9457E+00 -3.5336E-02 -3.3663E-02 -3.1159E-01 -3.1129E-01  1.4198E-03  1.3686E-03  2.6594E+00 -2.2149E-02 -2.6290E-01  1.4875E-03
  2.5119E-04  3.8201E+00  3.8258E+00 -3.7997E-02 -3.6217E-02 -3.0028E-01 -2.9997E-01 -1.4142E-03 -1.4668E-03  2.5794E+00 -2.4626E-02 -2.5333E-01 -9.3380E-04
  2.8184E-04  3.7031E+00  3.7093E+00 -4.0527E-02 -3.8634E-02 -2.8919E-01 -2.8888E-01 -3.9541E-03 -4.0082E-03  2.5014E+00 -2.6983E-02 -2.4396E-01 -3.1046E-03
  3.1623E-04  3.5891E+00  3.5958E+00 -4.2928E-02 -4.0918E-02 -2.7834E-01 -2.7801E-01 -6.2189E-03 -6.2744E-03  2.4255E+00 -2.9221E-02 -2.3478E-01 -5.0410E-03
  3.5481E-04  3.4783E+00  3.4856E+00 -4.5204E-02 -4.3071E-02 -2.6771E-01 -2.6738E-01 -8.2266E-03 -8.2835E-03  2.3517E+00 -3.1345E-02 -2.2580E-01 -6.7583E-03
  3.9811E-04  3.3704E+00  3.3783E+00 -4.7359E-02 -4.5098E-02 -2.5732E-01 -2.5698E-01 -9.9945E-03 -1.0053E-02  2.2798E+00 -3.3358E-02 -2.1701E-01 -8.2713E-03
  4.4668E-04  3.2655E+00  3.2741E+00 -4.9398E-02 -4.7002E-02 -2.4715E-01 -2.4680E-01 -1.1539E-02 -1.1599E-02  2.2099E+00 -3.5262E-02 -2.0841E-01 -9.5941E-03
  5.0119E-04  3.1635E+00  3.1728E+00 -5.1322E-02 -4.8786E-02 -2.3720E-01 -2.3685E-01 -1.2876E-02 -1.2937E-02  2.1419E+00 -3.7061E-02 -2.0000E-01 -1.0740E-02
  5.6234E-04  3.0643E+00  3.0744E+00 -5.3136E-02 -5.0455E-02 -2.2748E-01 -2.2712E-01 -1.4020E-02 -1.4082E-02  2.0758E+00 -3.8758E-02 -1.9178E-01 -1.1721E-02
  6.3096E-04  2.9679E+00  2.9788E+00 -5.4844E-02 -5.2012E-02 -2.1798E-01 -2.1761E-01 -1.4986E-02 -1.5049E-02  2.0115E+00 -4.0356E-02 -1.8374E-01 -1.2551E-02
  7.0795E-04  2.8741E+00  2.8860E+00 -5.6449E-02 -5.3461E-02 -2.0870E-01 -2.0832E-01 -1.5786E-02 -1.5850E-02  1.9489E+00 -4.1858E-02 -1.7589E-01 -1.3239E-02
  7.9433E-04  2.7830E+00  2.7959E+00 -5.7953E-02 -5.4805E-02 -1.9964E-01 -1.9926E-01 -1.6434E-02 -1.6499E-02  1.8882E+00 -4.3266E-02 -1.6823E-01 -1.3798E-02
  8.9125E-04  2.6945E+00  2.7084E+00 -5.9362E-02 -5.6049E-02 -1.9080E-01 -1.9041E-01 -1.6942E-02 -1.7007E-02  1.8291E+00 -4.4585E-02 -1.6075E-01 -1.4237E-02
  1.0000E-03  2.6085E+00  2.6236E+00 -6.0678E-02 -5.7196E-02 -1.8217E-01 -1.8177E-01 -1.7320E-02 -1.7385E-02  1.7718E+00 -4.5817E-02 -1.5345E-01 -1.4565E-02
  1.1220E-03  2.5250E+00  2.5414E+00 -6.1903E-02 -5.8250E-02 -1.7376E-01 -1.7335E-01 -1.7580E-02 -1.7645E-02  1.7161E+00 -4.6965E-02 -1.4634E-01 -1.4793E-02
  1.2589E-03  2.4439E+00  2.4617E+00 -6.3043E-02 -5.9215E-02 -1.6556E-01 -1.6515E-01 -1.7730E-02 -1.7796E-02  1.6620E+00 -4.8032E-02 -1.3940E-01 -1.4927E-02
  1.4125E-03  2.3652E+00  2.3844E+00 -6.4099E-02 -6.0095E-02 -1.5757E-01 -1.5716E-01 -1.7782E-02 -1.7847E-02  1.6095E+00 -4.9020E-02 -1.3264E-01 -1.4977E-02
  1.5849E-03  2.2887E+00  2.3096E+00 -6.5075E-02 -6.0895E-02 -1.4980E-01 -1.4938E-01 -1.7743E-02 -1.7808E-02  1.5586E+00 -4.9934E-02 -1.2607E-01 -1.4950E-02
  1.7783E-03  2.2145E+00  2.2372E+00 -6.5974E-02 -6.1617E-02 -1.4223E-01 -1.4180E-01 -1.7622E-02 -1.7685E-02  1.5091E+00 -5.0774E-02 -1.1967E-01 -1.4852E-02
  1.9953E-03  2.1425E+00  2.1671E+00 -6.6798E-02 -6.2268E-02 -1.3487E-01 -1.3444E-01 -1.7425E-02 -1.7488E-02  1.4612E+00 -5.1545E-02 -1.1344E-01 -1.4691E-02
  2.2387E-03  2.0727E+00  2.0993E+00 -6.7550E-02 -6.2850E-02 -1.2772E-01 -1.2729E-01 -1.7161E-02 -1.7222E-02  1.4147E+00 -5.2249E-02 -1.0739E-01 -1.4471E-02
  2.5119E-03  2.0049E+00  2.0337E+00 -6.8233E-02 -6.3368E-02 -1.2078E-01 -1.2034E-01 -1.6835E-02 -1.6894E-02  1.3697E+00 -5.2888E-02 -1.0152E-01 -1.4199E-02
  2.8184E-03  1.9392E+00  1.9704E+00 -6.8849E-02 -6.3828E-02 -1.1404E-01 -1.1360E-01 -1.6454E-02 -1.6510E-02  1.3260E+00 -5.3465E-02 -9.5821E-02 -1.3879E-02
  3.1623E-03  1.8755E+00  1.9093E+00 -6.9401E-02 -6.4233E-02 -1.0751E-01 -1.0707E-01 -1.6023E-02 -1.6076E-02  1.2837E+00 -5.3983E-02 -9.0297E-02 -1.3517E-02
  3.5481E-03  1.8137E+00  1.8503E+00 -6.9890E-02 -6.4588E-02 -1.0119E-01 -1.0074E-01 -1.5547E-02 -1.5596E-02  1.2428E+00 -5.4444E-02 -8.4948E-02 -1.3117E-02
  3.9811E-03  1.7538E+00  1.7934E+00 -7.0318E-02 -6.4899E-02 -9.5072E-02 -9.4616E-02 -1.5031E-02 -1.5077E-02  1.2032E+00 -5.4850E-02 -7.9772E-02 -1.2682E-02
  4.4668E-03  1.6957E+00  1.7386E+00 -7.0686E-02 -6.5169E-02 -8.9160E-02 -8.8699E-02 -1.4480E-02 -1.4520E-02  1.1648E+00 -5.5203E-02 -7.4771E-02 -1.2217E-02
  5.0119E-03  1.6395E+00  1.6859E+00 -7.0997E-02 -6.5405E-02 -8.3454E-02 -8.2987E-02 -1.3898E-02 -1.3932E-02  1.1277E+00 -5.5505E-02 -6.9944E-02 -1.1726E-02
  5.6234E-03  1.5849E+00  1.6352E+00 -7.1249E-02 -6.5611E-02 -7.7955E-02 -7.7480E-02 -1.3288E-02 -1.3315E-02  1.0919E+00 -5.5759E-02 -6.5291E-02 -1.1210E-02
  6.3096E-03  1.5321E+00  1.5865E+00 -7.1445E-02 -6.5792E-02 -7.2662E-02 -7.2180E-02 -1.2655E-02 -1.2674E-02  1.0573E+00 -5.5964E-02 -6.0813E-02 -1.0674E-02
  7.0795E-03  1.4809E+00  1.5397E+00 -7.1583E-02 -6.5952E-02 -6.7576E-02 -6.7085E-02 -1.2001E-02 -1.2011E-02  1.0238E+00 -5.6124E-02 -5.6510E-02 -1.0121E-02
  7.9433E-03  1.4313E+00  1.4948E+00 -7.1662E-02 -6.6098E-02 -6.2698E-02 -6.2198E-02 -1.1330E-02 -1.1329E-02  9.9148E-01 -5.6239E-02 -5.2383E-02 -9.5524E-03
  8.9125E-03  1.3832E+00  1.4519E+00 -7.1683E-02 -6.6233E-02 -5.8030E-02 -5.7518E-02 -1.0646E-02 -1.0633E-02  9.6029E-01 -5.6308E-02 -4.8433E-02 -8.9723E-03
  1.0000E-02  1.3367E+00  1.4108E+00 -7.1641E-02 -6.6362E-02 -5.3571E-02 -5.3046E-02 -9.9518E-03 -9.9247E-03  9.3021E-01 -5.6333E-02 -4.4660E-02 -8.3828E-03
  1.1220E-02  1.2915E+00  1.3716E+00 -7.1535E-02 -6.6489E-02 -4.9323E-02 -4.8785E-02 -9.2503E-03 -9.2075E-03  9.0120E-01 -5.6314E-02 -4.1065E-02 -7.7869E-03
  1.2589E-02  1.2478E+00  1.3342E+00 -7.1360E-02 -6.6617E-02 -4.5287E-02 -4.4734E-02 -8.5452E-03 -8.4847E-03  8.7324E-01 -5.6248E-02 -3.7649E-02 -7.1873E-03
  1.4125E-02  1.2054E+00  1.2986E+00 -7.1112E-02 -6.6748E-02 -4.1465E-02 -4.0895E-02 -7.8398E-03 -7.7594E-03  8.4629E-01 -5.6134E-02 -3.4414E-02 -6.5869E-03
  1.5849E-02  1.1642E+00  1.2648E+00 -7.0784E-02 -6.6885E-02 -3.7856E-02 -3.7269E-02 -7.1378E-03 -7.0352E-03  8.2034E-01 -5.5970E-02 -3.1359E-02 -5.9887E-03
  1.7783E-02  1.1243E+00  1.2327E+00 -7.0369E-02 -6.7027E-02 -3.4463E-02 -3.3859E-02 -6.4431E-03 -6.3155E-03  7.9534E-01 -5.5752E-02 -2.8486E-02 -5.3958E-03
  1.9953E-02  1.0855E+00  1.2022E+00 -6.9857E-02 -6.7173E-02 -3.1286E-02 -3.0664E-02 -5.7595E-03 -5.6043E-03  7.7125E-01 -5.5475E-02 -2.5795E-02 -4.8115E-03
  2.2387E-02  1.0478E+00  1.1734E+00 -6.9237E-02 -6.7319E-02 -2.8326E-02 -2.7688E-02 -5.0913E-03 -4.9057E-03  7.4805E-01 -5.5134E-02 -2.3288E-02 -4.2393E-03
  2.5119E-02  1.0112E+00  1.1461E+00 -6.8498E-02 -6.7460E-02 -2.5583E-02 -2.4932E-02 -4.4431E-03 -4.2241E-03  7.2569E-01 -5.4721E-02 -2.0964E-02 -3.6830E-03
  2.8184E-02  9.7544E-01  1.1204E+00 -6.7624E-02 -6.7586E-02 -2.3056E-02 -2.2396E-02 -3.8194E-03 -3.5641E-03  7.0412E-01 -5.4227E-02 -1.8824E-02 -3.1465E-03
  3.1623E-02  9.4055E-01  1.0961E+00 -6.6598E-02 -6.7686E-02 -2.0744E-02 -2.0082E-02 -3.2254E-03 -2.9307E-03  6.8328E-01 -5.3641E-02 -1.6866E-02 -2.6339E-03
  3.5481E-02  9.0642E-01  1.0731E+00 -6.5402E-02 -6.7742E-02 -1.8646E-02 -1.7990E-02 -2.6660E-03 -2.3292E-03  6.6312E-01 -5.2951E-02 -1.5090E-02 -2.1494E-03
  3.9811E-02  8.7296E-01  1.0513E+00 -6.4015E-02 -6.7733E-02 -1.6759E-02 -1.6121E-02 -2.1466E-03 -1.7653E-03  6.4357E-01 -5.2142E-02 -1.3495E-02 -1.6975E-03
  4.4668E-02  8.4003E-01  1.0307E+00 -6.2415E-02 -6.7631E-02 -1.5077E-02 -1.4475E-02 -1.6724E-03 -1.2448E-03  6.2454E-01 -5.1197E-02 -1.2076E-02 -1.2826E-03
  5.0119E-02  8.0753E-01  1.0109E+00 -6.0576E-02 -6.7403E-02 -1.3596E-02 -1.3049E-02 -1.2485E-03 -7.7370E-04  6.0594E-01 -5.0096E-02 -1.0830E-02 -9.0917E-04
  5.6234E-02  7.7532E-01  9.9189E-01 -5.8472E-02 -6.7008E-02 -1.2306E-02 -1.1841E-02 -8.7981E-04 -3.5804E-04  5.8766E-01 -4.8818E-02 -9.7519E-03 -5.8138E-04
  6.3096E-02  7.4324E-01  9.7336E-01 -5.6079E-02 -6.6398E-02 -1.1197E-02 -1.0846E-02 -5.7070E-04 -3.8883E-06  5.6959E-01 -4.7340E-02 -8.8341E-03 -3.0323E-04
  7.0795E-02  7.1114E-01  9.5505E-01 -5.3369E-02 -6.5515E-02 -1.0257E-02 -1.0057E-02 -3.2478E-04  2.8291E-04  5.5158E-01 -4.5638E-02 -8.0675E-03 -7.8167E-05
  7.9433E-02  6.7885E-01  9.3662E-01 -5.0320E-02 -6.4295E-02 -9.4678E-03 -9.4643E-03 -1.4461E-04  4.9696E-04  5.3347E-01 -4.3684E-02 -7.4407E-03  9.1071E-05
  8.9125E-02  6.4616E-01  9.1772E-01 -4.6911E-02 -6.2664E-02 -8.8109E-03 -9.0542E-03 -3.1309E-05  6.3356E-04  5.1510E-01 -4.1454E-02 -6.9394E-03  2.0271E-04
  1.0000E-01  6.1290E-01  8.9788E-01 -4.3130E-02 -6.0543E-02 -8.2627E-03 -8.8090E-03  1.5795E-05  6.8904E-04  4.9625E-01 -3.8923E-02 -6.5468E-03  2.5623E-04
  1.1220E-01  5.7887E-01  8.7663E-01 -3.8973E-02 -5.7845E-02 -7.7964E-03 -8.7052E-03 -3.6909E-07  6.6122E-04  4.7670E-01 -3.6069E-02 -6.2427E-03  2.5269E-04
  1.2589E-01  5.4386E-01  8.5338E-01 -3.4449E-02 -5.4485E-02 -7.3817E-03 -8.7131E-03 -7.4214E-05  5.4989E-04  4.5624E-01 -3.2877E-02 -6.0038E-03  1.9505E-04
  1.4125E-01  5.0769E-01  8.2752E-01 -2.9586E-02 -5.0379E-02 -6.9856E-03 -8.7953E-03 -1.9711E-04  3.5752E-04  4.3461E-01 -2.9340E-02 -5.8035E-03  8.8508E-05
  1.5849E-01  4.7023E-01  7.9837E-01 -2.4434E-02 -4.5455E-02 -6.5734E-03 -8.9060E-03 -3.5708E-04  8.9956E-05  4.1155E-01 -2.5464E-02 -5.6125E-03 -5.9195E-05
  1.7783E-01  4.3137E-01  7.6522E-01 -1.9072E-02 -3.9666E-02 -6.1107E-03 -8.9905E-03 -5.3874E-04 -2.4256E-04  3.8684E-01 -2.1274E-02 -5.3993E-03 -2.3752E-04
  1.9953E-01  3.9108E-01  7.2735E-01 -1.3612E-02 -3.2999E-02 -5.5654E-03 -8.9847E-03 -7.2341E-04 -6.2435E-04  3.6025E-01 -1.6817E-02 -5.1311E-03 -4.3299E-04
  2.2387E-01  3.4944E-01  6.8408E-01 -8.2019E-03 -2.5502E-02 -4.9119E-03 -8.8174E-03 -8.8982E-04 -1.0332E-03  3.3164E-01 -1.2172E-02 -4.7763E-03 -6.2921E-04
  2.5119E-01  3.0669E-01  6.3487E-01 -3.0310E-03 -1.7296E-02 -4.1349E-03 -8.4131E-03 -1.0153E-03 -1.4390E-03  3.0091E-01 -7.4546E-03 -4.3068E-03 -8.0723E-04
  2.8184E-01  2.6322E-01  5.7935E-01  1.6770E-03 -8.6122E-03 -3.2357E-03 -7.6986E-03 -1.0776E-03 -1.8037E-03  2.6814E-01 -2.8226E-03 -3.7025E-03 -9.4626E-04
  3.1623E-01  2.1968E-01  5.1750E-01  5.6721E-03  1.9306E-04 -2.2373E-03 -6.6148E-03 -1.0585E-03 -2.0807E-03  2.3354E-01  1.5211E-03 -2.9561E-03 -1.0251E-03
  3.5481E-01  1.7692E-01  4.4977E-01  8.6988E-03  8.6141E-03 -1.1898E-03 -5.1331E-03 -9.4722E-04 -2.2178E-03  1.9759E-01  5.3316E-03 -2.0802E-03 -1.0244E-03
  3.9811E-01  1.3611E-01  3.7730E-01  1.0531E-02  1.5998E-02 -1.7307E-04 -3.2793E-03 -7.4568E-04 -2.1630E-03  1.6103E-01  8.3356E-03 -1.1145E-03 -9.3045E-04
  4.4668E-01  9.8579E-02  3.0204E-01  1.1022E-02  2.1576E-02  7.0652E-04 -1.1616E-03 -4.7367E-04 -1.8755E-03  1.2495E-01  1.0260E-02 -1.3231E-04 -7.4000E-04
  5.0119E-01  6.5808E-02  2.2696E-01  1.0170E-02  2.4562E-02  1.3297E-03  1.0003E-03 -1.7218E-04 -1.3451E-03  9.0753E-02  1.0883E-02  7.5683E-04 -4.6704E-04
  5.6234E-01  3.9180E-02  1.5605E-01  8.1812E-03  2.4322E-02  1.5931E-03  2.8628E-03  9.8033E-05 -6.1946E-04  6.0103E-02  1.0110E-02  1.4145E-03 -1.4963E-04
  6.3096E-01  1.9687E-02  9.4074E-02  5.5176E-03  2.0669E-02  1.4551E-03  3.9875E-03  2.6820E-04  1.6516E-04  3.4750E-02  8.0692E-03  1.6994E-03  1.4587E-04
  7.0795E-01  7.5293E-03  4.5908E-02  2.8601E-03  1.4243E-02  9.9160E-04  3.9635E-03  2.8934E-04  7.6787E-04  1.6177E-02  5.2121E-03  1.5228E-03  3.3094E-04
  7.9433E-01  1.7379E-03  1.5167E-02  9.2718E-04  6.8581E-03  4.2716E-04  2.6870E-03  1.7579E-04  8.9413E-04  5.0636E-03  2.3421E-03  9.4143E-04  3.2581E-04
  8.9125E-01  1.1554E-04  1.9185E-03  9.5901E-05  1.4020E-03  6.3284E-05  8.2263E-04  3.7451E-05  4.2873E-04  6.0151E-04  4.4384E-04  2.6305E-04  1.3877E-04


# Q =     5.0000
# x  F3Wp(LO) F3Wm(LO) F3Wp(NLO) F3Wm(NLO) F3Wp(NNLO) F3Wm(NNLO) F3Wp(N3LO) F3Wm(N3LO) F3Z(LO) F3Z(NLO) F3Z(NNLO) F3Z(N3LO)
  1.0000E-05  4.3838E+04 -4.3563E+04 -2.9557E+03  3.0092E+03 -6.0816E+02  6.2060E+02 -1.1311E+02  1.1858E+02  7.2082E+01  1.3625E+01  3.1432E+00  2.1825E+00
  1.1220E-05  3.8382E+04 -3.8119E+04 -2.5857E+03  2.6367E+03 -5.3236E+02  5.4379E+02 -9.9132E+01  1.0382E+02  6.9177E+01  1.2992E+01  2.8852E+00  1.8858E+00
  1.2589E-05  3.3603E+04 -3.3350E+04 -2.2617E+03  2.3103E+03 -4.6597E+02  4.7645E+02 -8.6886E+01  9.0872E+01  6.6393E+01  1.2383E+01  2.6436E+00  1.6170E+00
  1.4125E-05  2.9416E+04 -2.9173E+04 -1.9779E+03  2.0242E+03 -4.0781E+02  4.1740E+02 -7.6160E+01  7.9512E+01  6.3725E+01  1.1797E+01  2.4176E+00  1.3742E+00
  1.5849E-05  2.5749E+04 -2.5515E+04 -1.7294E+03  1.7735E+03 -3.5687E+02  3.6563E+02 -6.6767E+01  6.9547E+01  6.1170E+01  1.1235E+01  2.2064E+00  1.1554E+00
  1.7783E-05  2.2537E+04 -2.2312E+04 -1.5119E+03  1.5539E+03 -3.1227E+02  3.2025E+02 -5.8540E+01  6.0808E+01  5.8721E+01  1.0694E+01  2.0092E+00  9.5875E-01
  1.9953E-05  1.9724E+04 -1.9508E+04 -1.3214E+03  1.3614E+03 -2.7321E+02  2.8046E+02 -5.1335E+01  5.3146E+01  5.6375E+01  1.0174E+01  1.8253E+00  7.8266E-01
  2.2387E-05  1.7260E+04 -1.7053E+04 -1.1548E+03  1.1928E+03 -2.3901E+02  2.4559E+02 -4.5025E+01  4.6429E+01  5.4127E+01  9.6737E+00  1.6540E+00  6.2550E-01
  2.5119E-05  1.5103E+04 -1.4904E+04 -1.0089E+03  1.0450E+03 -2.0907E+02  2.1502E+02 -3.9498E+01  4.0542E+01  5.1974E+01  9.1931E+00  1.4947E+00  4.8577E-01
  2.8184E-05  1.3215E+04 -1.3023E+04 -8.8127E+02  9.1559E+02 -1.8286E+02  1.8823E+02 -3.4658E+01  3.5384E+01  4.9910E+01  8.7312E+00  1.3467E+00  3.6207E-01
  3.1623E-05  1.1561E+04 -1.1378E+04 -7.6962E+02  8.0220E+02 -1.5993E+02  1.6475E+02 -3.0419E+01  3.0865E+01  4.7934E+01  8.2871E+00  1.2093E+00  2.5309E-01
  3.5481E-05  1.0114E+04 -9.9374E+03 -6.7196E+02  7.0286E+02 -1.3986E+02  1.4418E+02 -2.6705E+01  2.6908E+01  4.6041E+01  7.8602E+00  1.0821E+00  1.5758E-01
  3.9811E-05  8.8473E+03 -8.6776E+03 -5.8655E+02  6.1584E+02 -1.2229E+02  1.2615E+02 -2.3452E+01  2.3444E+01  4.4227E+01  7.4499E+00  9.6444E-01  7.4400E-02
  4.4668E-05  7.7387E+03 -7.5755E+03 -5.1187E+02  5.3962E+02 -1.0693E+02  1.1036E+02 -2.0601E+01  2.0412E+01  4.2489E+01  7.0556E+00  8.5578E-01  2.4645E-03
  5.0119E-05  6.7685E+03 -6.6117E+03 -4.4659E+02  4.7285E+02 -9.3485E+01  9.6519E+01 -1.8104E+01  1.7760E+01  4.0824E+01  6.6767E+00  7.5562E-01 -5.9235E-02
  5.6234E-05  5.9196E+03 -5.7689E+03 -3.8953E+02  4.1437E+02 -8.1728E+01  8.4397E+01 -1.5915E+01  1.5441E+01  3.9229E+01  6.3126E+00  6.6346E-01 -1.1164E-01
  6.3096E-05  5.1769E+03 -5.0320E+03 -3.3967E+02  3.6313E+02 -7.1445E+01  7.3779E+01 -1.3996E+01  1.3414E+01  3.7700E+01  5.9628E+00  5.7883E-01 -1.5562E-01
  7.0795E-05  4.5272E+03 -4.3878E+03 -2.9611E+02  3.1826E+02 -6.2453E+01  6.4480E+01 -1.2313E+01  1.1643E+01  3.6236E+01  5.6268E+00  5.0129E-01 -1.9201E-01
  7.9433E-05  3.9588E+03 -3.8248E+03 -2.5807E+02  2.7895E+02 -5.4591E+01  5.6336E+01 -1.0837E+01  1.0097E+01  3.4833E+01  5.3041E+00  4.3040E-01 -2.2155E-01
  8.9125E-05  3.4617E+03 -3.3328E+03 -2.2485E+02  2.4451E+02 -4.7717E+01  4.9206E+01 -9.5423E+00  8.7476E+00  3.3488E+01  4.9942E+00  3.6576E-01 -2.4496E-01
  1.0000E-04  3.0270E+03 -2.9029E+03 -1.9585E+02  2.1434E+02 -4.1708E+01  4.2964E+01 -8.4059E+00  7.5712E+00  3.2200E+01  4.6967E+00  3.0697E-01 -2.6288E-01
  1.1220E-04  2.6468E+03 -2.5275E+03 -1.7053E+02  1.8791E+02 -3.6456E+01  3.7499E+01 -7.4081E+00  6.5461E+00  3.0965E+01  4.4111E+00  2.5365E-01 -2.7593E-01
  1.2589E-04  2.3144E+03 -2.1996E+03 -1.4845E+02  1.6476E+02 -3.1866E+01  3.2717E+01 -6.5316E+00  5.6535E+00  2.9781E+01  4.1371E+00  2.0545E-01 -2.8465E-01
  1.4125E-04  2.0238E+03 -1.9133E+03 -1.2919E+02  1.4446E+02 -2.7854E+01  2.8532E+01 -5.7614E+00  4.8769E+00  2.8646E+01  3.8743E+00  1.6203E-01 -2.8957E-01
  1.5849E-04  1.7697E+03 -1.6633E+03 -1.1240E+02  1.2668E+02 -2.4348E+01  2.4871E+01 -5.0841E+00  4.2019E+00  2.7559E+01  3.6223E+00  1.2305E-01 -2.9116E-01
  1.7783E-04  1.5476E+03 -1.4452E+03 -9.7758E+01  1.1109E+02 -2.1285E+01  2.1669E+01 -4.4883E+00  3.6157E+00  2.6516E+01  3.3807E+00  8.8226E-02 -2.8986E-01
  1.9953E-04  1.3535E+03 -1.2549E+03 -8.5004E+01  9.7432E+01 -1.8609E+01  1.8869E+01 -3.9639E+00  3.1072E+00  2.5516E+01  3.1491E+00  5.7245E-02 -2.8606E-01
  2.2387E-04  1.1838E+03 -1.0889E+03 -7.3895E+01  8.5454E+01 -1.6271E+01  1.6421E+01 -3.5019E+00  2.6666E+00  2.4556E+01  2.9274E+00  2.9830E-02 -2.8014E-01
  2.5119E-04  1.0356E+03 -9.4420E+02 -6.4223E+01  7.4949E+01 -1.4228E+01  1.4281E+01 -3.0948E+00  2.2854E+00  2.3636E+01  2.7151E+00  5.7157E-03 -2.7242E-01
  2.8184E-04  9.0600E+02 -8.1801E+02 -5.5806E+01  6.5736E+01 -1.2444E+01  1.2412E+01 -2.7357E+00  1.9559E+00  2.2753E+01  2.5119E+00 -1.5352E-02 -2.6321E-01
  3.1623E-04  7.9279E+02 -7.0805E+02 -4.8484E+01  5.7652E+01 -1.0885E+01  1.0779E+01 -2.4187E+00  1.6715E+00  2.1906E+01  2.3176E+00 -3.3613E-02 -2.5279E-01
  3.5481E-04  6.9388E+02 -6.1226E+02 -4.2118E+01  5.0557E+01 -9.5230E+00  9.3535E+00 -2.1388E+00  1.4264E+00  2.1093E+01  2.1319E+00 -4.9296E-02 -2.4141E-01
  3.9811E-04  6.0746E+02 -5.2883E+02 -3.6585E+01  4.4329E+01 -8.3332E+00  8.1096E+00 -1.8913E+00  1.2157E+00  2.0313E+01  1.9545E+00 -6.2617E-02 -2.2928E-01
  4.4668E-04  5.3196E+02 -4.5621E+02 -3.1780E+01  3.8860E+01 -7.2937E+00  7.0245E+00 -1.6724E+00  1.0347E+00  1.9563E+01  1.7851E+00 -7.3780E-02 -2.1661E-01
  5.0119E-04  4.6600E+02 -3.9302E+02 -2.7609E+01  3.4055E+01 -6.3855E+00  6.0784E+00 -1.4786E+00  8.7954E-01  1.8844E+01  1.6236E+00 -8.2978E-02 -2.0359E-01
  5.6234E-04  4.0838E+02 -3.3806E+02 -2.3990E+01  2.9832E+01 -5.5919E+00  5.2541E+00 -1.3070E+00  7.4687E-01  1.8152E+01  1.4696E+00 -9.0395E-02 -1.9036E-01
  6.3096E-04  3.5804E+02 -2.9027E+02 -2.0852E+01  2.6119E+01 -4.8984E+00  4.5362E+00 -1.1548E+00  6.3367E-01  1.7487E+01  1.3230E+00 -9.6202E-02 -1.7708E-01
  7.0795E-04  3.1407E+02 -2.4876E+02 -1.8133E+01  2.2853E+01 -4.2922E+00  3.9114E+00 -1.0198E+00  5.3729E-01  1.6848E+01  1.1835E+00 -1.0056E-01 -1.6387E-01
  7.9433E-04  2.7565E+02 -2.1271E+02 -1.5778E+01  1.9979E+01 -3.7622E+00  3.3681E+00 -8.9992E-01  4.5546E-01  1.6234E+01  1.0510E+00 -1.0363E-01 -1.5082E-01
  8.9125E-04  2.4209E+02 -1.8142E+02 -1.3741E+01  1.7447E+01 -3.2989E+00  2.8960E+00 -7.9348E-01  3.8617E-01  1.5643E+01  9.2510E-01 -1.0554E-01 -1.3805E-01
  1.0000E-03  2.1276E+02 -1.5428E+02 -1.1979E+01  1.5217E+01 -2.8937E+00  2.4861E+00 -6.9889E-01  3.2767E-01  1.5075E+01  8.0577E-01 -1.0644E-01 -1.2562E-01
  1.1220E-03  1.8713E+02 -1.3076E+02 -1.0456E+01  1.3251E+01 -2.5393E+00  2.1305E+00 -6.1481E-01  2.7842E-01  1.4527E+01  6.9277E-01 -1.0644E-01 -1.1361E-01
  1.2589E-03  1.6474E+02 -1.1040E+02 -9.1416E+00  1.1517E+01 -2.2291E+00  1.8224E+00 -5.4005E-01  2.3711E-01  1.4000E+01  5.8592E-01 -1.0567E-01 -1.0207E-01
  1.4125E-03  1.4516E+02 -9.2782E+01 -8.0074E+00  9.9871E+00 -1.9577E+00  1.5557E+00 -4.7355E-01  2.0258E-01  1.3492E+01  4.8504E-01 -1.0424E-01 -9.1043E-02
  1.5849E-03  1.2804E+02 -7.7555E+01 -7.0294E+00  8.6358E+00 -1.7201E+00  1.3250E+00 -4.1441E-01  1.7382E-01  1.3003E+01  3.8998E-01 -1.0224E-01 -8.0569E-02
  1.7783E-03  1.1307E+02 -6.4408E+01 -6.1868E+00  7.4419E+00 -1.5120E+00  1.1259E+00 -3.6182E-01  1.4995E-01  1.2531E+01  3.0055E-01 -9.9776E-02 -7.0674E-02
  1.9953E-03  9.9973E+01 -5.3072E+01 -5.4613E+00  6.3865E+00 -1.3297E+00  9.5406E-01 -3.1507E-01  1.3021E-01  1.2075E+01  2.1662E-01 -9.6931E-02 -6.1376E-02
  2.2387E-03  8.8512E+01 -4.3310E+01 -4.8370E+00  5.4531E+00 -1.1700E+00  8.0608E-01 -2.7353E-01  1.1396E-01  1.1636E+01  1.3802E-01 -9.3785E-02 -5.2688E-02
  2.5119E-03  7.8478E+01 -3.4917E+01 -4.3000E+00  4.6273E+00 -1.0300E+00  6.7879E-01 -2.3664E-01  1.0063E-01  1.1212E+01  6.4606E-02 -9.0412E-02 -4.4615E-02
  2.8184E-03  6.9689E+01 -2.7714E+01 -3.8384E+00  3.8965E+00 -9.0733E-01  5.6946E-01 -2.0393E-01  8.9720E-02  1.0801E+01 -3.7583E-03 -8.6881E-02 -3.7157E-02
  3.1623E-03  6.1985E+01 -2.1545E+01 -3.4416E+00  3.2496E+00 -7.9973E-01  4.7570E-01 -1.7495E-01  8.0824E-02  1.0405E+01 -6.7213E-02 -8.3252E-02 -3.0309E-02
  3.5481E-03  5.5228E+01 -1.6273E+01 -3.1004E+00  2.6770E+00 -7.0538E-01  3.9541E-01 -1.4931E-01  7.3578E-02  1.0021E+01 -1.2589E-01 -7.9582E-02 -2.4062E-02
  3.9811E-03  4.9297E+01 -1.1779E+01 -2.8069E+00  2.1702E+00 -6.2263E-01  3.2676E-01 -1.2669E-01  6.7676E-02  9.6500E+00 -1.7992E-01 -7.5920E-02 -1.8402E-02
  4.4668E-03  4.4087E+01 -7.9616E+00 -2.5543E+00  1.7219E+00 -5.5007E-01  2.6813E-01 -1.0676E-01  6.2856E-02  9.2903E+00 -2.2942E-01 -7.2311E-02 -1.3313E-02
  5.0119E-03  3.9505E+01 -4.7297E+00 -2.3366E+00  1.3255E+00 -4.8645E-01  2.1814E-01 -8.9255E-02  5.8899E-02  8.9416E+00 -2.7452E-01 -6.8796E-02 -8.7744E-03
  5.6234E-03  3.5471E+01 -2.0055E+00 -2.1485E+00  9.7553E-01 -4.3069E-01  1.7556E-01 -7.3933E-02  5.5615E-02  8.6035E+00 -3.1533E-01 -6.5408E-02 -4.7652E-03
  6.3096E-03  3.1915E+01  2.7905E-01 -1.9855E+00  6.6690E-01 -3.8184E-01  1.3931E-01 -6.0571E-02  5.2851E-02  8.2752E+00 -3.5196E-01 -6.2178E-02 -1.2612E-03
  7.0795E-03  2.8776E+01  2.1830E+00 -1.8438E+00  3.9532E-01 -3.3907E-01  1.0848E-01 -4.8973E-02  5.0473E-02  7.9562E+00 -3.8452E-01 -5.9130E-02  1.7627E-03
  7.9433E-03  2.6000E+01  3.7578E+00 -1.7200E+00  1.5699E-01 -3.0166E-01  8.2238E-02 -3.8960E-02  4.8375E-02  7.6462E+00 -4.1312E-01 -5.6286E-02  4.3332E-03
  8.9125E-03  2.3542E+01  5.0480E+00 -1.6110E+00 -5.1432E-02 -2.6897E-01  5.9895E-02 -3.0371E-02  4.6467E-02  7.3445E+00 -4.3786E-01 -5.3663E-02  6.4775E-03
  1.0000E-02  2.1359E+01  6.0923E+00 -1.5145E+00 -2.3285E-01 -2.4045E-01  4.0838E-02 -2.3061E-02  4.4677E-02  7.0506E+00 -4.5885E-01 -5.1273E-02  8.2236E-03
  1.1220E-02  1.9418E+01  6.9243E+00 -1.4282E+00 -3.8984E-01 -2.1561E-01  2.4539E-02 -1.6899E-02  4.2948E-02  6.7642E+00 -4.7618E-01 -4.9123E-02  9.5995E-03
  1.2589E-02  1.7687E+01  7.5731E+00 -1.3503E+00 -5.2465E-01 -1.9402E-01  1.0545E-02 -1.1763E-02  4.1234E-02  6.4847E+00 -4.8994E-01 -4.7220E-02  1.0633E-02
  1.4125E-02  1.6140E+01  8.0639E+00 -1.2791E+00 -6.3926E-01 -1.7529E-01 -1.5334E-03 -7.5458E-03  3.9499E-02  6.2118E+00 -5.0024E-01 -4.5562E-02  1.1353E-02
  1.5849E-02  1.4752E+01  8.4187E+00 -1.2133E+00 -7.3542E-01 -1.5909E-01 -1.2028E-02 -4.1475E-03  3.7716E-02  5.9450E+00 -5.0718E-01 -4.4148E-02  1.1785E-02
  1.7783E-02  1.3505E+01  8.6563E+00 -1.1518E+00 -8.1468E-01 -1.4511E-01 -2.1219E-02 -1.4777E-03  3.5866E-02  5.6840E+00 -5.1084E-01 -4.2970E-02  1.1958E-02
  1.9953E-02  1.2379E+01  8.7931E+00 -1.0934E+00 -8.7840E-01 -1.3309E-01 -2.9341E-02  5.4642E-04  3.3936E-02  5.4283E+00 -5.1133E-01 -4.2018E-02  1.1896E-02
  2.2387E-02  1.1359E+01  8.8432E+00 -1.0374E+00 -9.2779E-01 -1.2277E-01 -3.6589E-02  2.0005E-03  3.1917E-02  5.1777E+00 -5.0874E-01 -4.1278E-02  1.1626E-02
  2.5119E-02  1.0432E+01  8.8187E+00 -9.8306E-01 -9.6396E-01 -1.1395E-01 -4.3120E-02  2.9541E-03  2.9806E-02  4.9317E+00 -5.0318E-01 -4.0731E-02  1.1172E-02
  2.8184E-02  9.5863E+00  8.7303E+00 -9.2985E-01 -9.8787E-01 -1.0641E-01 -4.9059E-02  3.4709E-03  2.7601E-02  4.6901E+00 -4.9476E-01 -4.0356E-02  1.0556E-02
  3.1623E-02  8.8114E+00  8.5869E+00 -8.7729E-01 -1.0004E+00 -9.9962E-02 -5.4500E-02  3.6099E-03  2.5306E-02  4.4525E+00 -4.8359E-01 -4.0127E-02  9.8009E-03
  3.5481E-02  8.0984E+00  8.3963E+00 -8.2504E-01 -1.0024E+00 -9.4443E-02 -5.9509E-02  3.4255E-03  2.2924E-02  4.2187E+00 -4.6980E-01 -4.0017E-02  8.9286E-03
  3.9811E-02  7.4397E+00  8.1654E+00 -7.7281E-01 -9.9459E-01 -8.9687E-02 -6.4130E-02  2.9685E-03  2.0464E-02  3.9885E+00 -4.5351E-01 -3.9993E-02  7.9593E-03
  4.4668E-02  6.8286E+00  7.9000E+00 -7.2045E-01 -9.7769E-01 -8.5542E-02 -6.8380E-02  2.2863E-03  1.7934E-02  3.7616E+00 -4.3487E-01 -4.0018E-02  6.9126E-03
  5.0119E-02  6.2593E+00  7.6050E+00 -6.6787E-01 -9.5239E-01 -8.1863E-02 -7.2256E-02  1.4239E-03  1.5345E-02  3.5378E+00 -4.1405E-01 -4.0054E-02  5.8076E-03
  5.6234E-02  5.7270E+00  7.2848E+00 -6.1505E-01 -9.1935E-01 -7.8515E-02 -7.5736E-02  4.2401E-04  1.2711E-02  3.3171E+00 -3.9121E-01 -4.0059E-02  4.6628E-03
  6.3096E-02  5.2273E+00  6.9433E+00 -5.6207E-01 -8.7923E-01 -7.5368E-02 -7.8780E-02 -6.7219E-04  1.0048E-02  3.0994E+00 -3.6656E-01 -3.9989E-02  3.4963E-03
  7.0795E-02  4.7568E+00  6.5838E+00 -5.0906E-01 -8.3271E-01 -7.2300E-02 -8.1330E-02 -1.8245E-03  7.3730E-03  2.8845E+00 -3.4032E-01 -3.9796E-02  2.3265E-03
  7.9433E-02  4.3125E+00  6.2094E+00 -4.5624E-01 -7.8049E-01 -6.9200E-02 -8.3317E-02 -2.9936E-03  4.7091E-03  2.6727E+00 -3.1273E-01 -3.9434E-02  1.1715E-03
  8.9125E-02  3.8921E+00  5.8227E+00 -4.0390E-01 -7.2330E-01 -6.5964E-02 -8.4657E-02 -4.1401E-03  2.0810E-03  2.4639E+00 -2.8408E-01 -3.8854E-02  5.0253E-05
  1.0000E-01  3.4936E+00  5.4264E+00 -3.5240E-01 -6.6193E-01 -6.2500E-02 -8.5260E-02 -5.2252E-03 -4.8136E-04  2.2585E+00 -2.5467E-01 -3.8012E-02 -1.0180E-03
  1.1220E-01  3.1158E+00  5.0229E+00 -3.0216E-01 -5.9723E-01 -5.8735E-02 -8.5028E-02 -6.2101E-03 -2.9433E-03  2.0567E+00 -2.2484E-01 -3.6865E-02 -2.0130E-03
  1.2589E-01  2.7577E+00  4.6146E+00 -2.5366E-01 -5.3012E-01 -5.4611E-02 -8.3867E-02 -7.0566E-03 -5.2644E-03  1.8589E+00 -1.9496E-01 -3.5377E-02 -2.9142E-03
  1.4125E-01  2.4188E+00  4.2039E+00 -2.0745E-01 -4.6160E-01 -5.0094E-02 -8.1686E-02 -7.7279E-03 -7.3986E-03  1.6658E+00 -1.6545E-01 -3.3520E-02 -3.6999E-03
  1.5849E-01  2.0990E+00  3.7935E+00 -1.6409E-01 -3.9277E-01 -4.5181E-02 -7.8410E-02 -8.1897E-03 -9.2938E-03  1.4780E+00 -1.3674E-01 -3.1279E-02 -4.3486E-03
  1.7783E-01  1.7987E+00  3.3860E+00 -1.2417E-01 -3.2481E-01 -3.9898E-02 -7.3988E-02 -8.4124E-03 -1.0893E-02  1.2963E+00 -1.0930E-01 -2.8654E-02 -4.8394E-03
  1.9953E-01  1.5184E+00  2.9844E+00 -8.8284E-02 -2.5897E-01 -3.4311E-02 -6.8403E-02 -8.3730E-03 -1.2135E-02  1.1217E+00 -8.3597E-02 -2.5667E-02 -5.1527E-03
  2.2387E-01  1.2592E+00  2.5921E+00 -5.6965E-02 -1.9659E-01 -2.8527E-02 -6.1688E-02 -8.0589E-03 -1.2959E-02  9.5546E-01 -6.0108E-02 -2.2362E-02 -5.2728E-03
  2.5119E-01  1.0221E+00  2.2126E+00 -3.0678E-02 -1.3903E-01 -2.2694E-02 -5.3940E-02 -7.4714E-03 -1.3305E-02  7.9870E-01 -3.9289E-02 -1.8812E-02 -5.1891E-03
  2.8184E-01  8.0843E-01  1.8499E+00 -9.7589E-03 -8.7636E-02 -1.7000E-02 -4.5333E-02 -6.6297E-03 -1.3126E-02  6.5282E-01 -2.1546E-02 -1.5119E-02 -4.8994E-03
  3.1623E-01  6.1952E-01  1.5083E+00  5.6438E-03 -4.3698E-02 -1.1666E-02 -3.6136E-02 -5.5747E-03 -1.2394E-02  5.1926E-01 -7.2067E-03 -1.1417E-02 -4.4132E-03
  3.5481E-01  4.5649E-01  1.1922E+00  1.5620E-02 -8.3213E-03 -6.9293E-03 -2.6718E-02 -4.3719E-03 -1.1109E-02  3.9944E-01  3.5198E-03 -7.8649E-03 -3.7546E-03
  3.9811E-01  3.2010E-01  9.0654E-01  2.0551E-02  1.7681E-02 -3.0193E-03 -1.7554E-02 -3.1112E-03 -9.3199E-03  2.9467E-01  1.0588E-02 -4.6432E-03 -2.9659E-03
  4.4668E-01  2.1056E-01  6.5571E-01  2.1145E-02  3.3940E-02 -1.2513E-04 -9.2059E-03 -1.9029E-03 -7.1342E-03  2.0604E-01  1.4158E-02 -1.9349E-03 -2.1089E-03
  5.0119E-01  1.2721E-01  4.4387E-01  1.8434E-02  4.0711E-02  1.6479E-03 -2.2837E-03 -8.6651E-04 -4.7356E-03  1.3425E-01  1.4637E-02  9.5977E-05 -1.2641E-03
  5.6234E-01  6.8305E-02  2.7419E-01  1.3724E-02  3.9059E-02  2.3251E-03  2.6344E-03 -1.1059E-04 -2.3892E-03  7.9402E-02  1.2691E-02  1.3377E-03 -5.2479E-04
  6.3096E-01  3.0857E-02  1.4815E-01  8.4569E-03  3.1005E-02  2.1000E-03  5.1335E-03  2.9720E-04 -4.2892E-04  4.0810E-02  9.2353E-03  1.7715E-03  1.5912E-05
  7.0795E-01  1.0579E-02  6.4666E-02  3.9704E-03  1.9572E-02  1.3412E-03  5.1609E-03  3.6664E-04  7.9555E-04  1.6808E-02  5.3553E-03  1.5146E-03  2.8923E-04
  7.9433E-01  2.1836E-03  1.9077E-02  1.1585E-03  8.5326E-03  5.2854E-04  3.2831E-03  2.1348E-04  1.0485E-03  4.6311E-03  2.1351E-03  8.5044E-04  2.8725E-04
  8.9125E-01  1.2958E-04  2.1523E-03  1.0737E-04  1.5677E-03  7.0705E-05  9.1594E-04  4.1661E-05  4.7417E-04  4.8155E-04  3.5531E-04  2.1039E-04  1.1069E-04


